361.031858883672	0.0103504073206115
361.040498751174	0.00890764742455402
361.049140325749	0.00664386946609912
361.057783606125	0.00760836641318729
361.066428591033	0.00896743029317519
361.075075279201	0.00710619031676948
361.083723669359	0.00583480797742597
361.092373760236	0.00274602643199897
361.101025550561	0.0168826820986178
361.109679039063	0.0113467884642977
361.118334224471	0.00264638831763035
361.126991105516	0
361.135649680925	0.00765220718350949
361.144309949429	0.00100833771741035
361.152971909756	0.00260653307188291
361.161635560635	0.00395364037814656
361.170300900797	0.0148221658934749
361.178967928969	0.00752467039711766
361.187636643882	0.00286160664466656
361.196307044264	0.00504168858705183
361.204979128845	0.00808662936215663
361.213652896354	0.00944170771756977
361.22232834552	0.0063011143526711
361.231005475073	0.00382610359175475
361.239684283741	0.00605799735361168
361.248364770254	0.0114424410540915
361.257046933341	0.00550400943772219
361.265730771731	0.00684314569483635
361.274416284154	0.00944170771756977
361.283103469338	0.00928627225915475
361.291792326013	0.00320037623351985
361.300482852909	0.00427646786870087
361.309175048754	0.00693481276005548
361.317868912277	0.00635691169671752
361.326564442208	0.00227972005675386
361.335261637276	0.00388987198495066
361.343960496211	0.00889569085082978
361.35266101774	0.0115420791684601
361.361363200595	0.00610980917308335
361.370067043503	0.00219203851610949
361.378772545195	0.00653227477800627
361.387479704399	0.00534458845473241
361.396188519844	0.00391777065697386
361.40489899026	0.00263841726848087
361.413611114376	0.00850510944250481
361.422324890921	0.0097924338801473
361.431040318625	0.00150254276467868
361.439757396217	0.0041887863280565
361.448476122425	0.00797902019863854
361.457196495979	0.00441197570424218
361.465918515609	0.00297718685733416
361.474642180043	0.0120402697403032
361.483367488011	0.00457139668723197
361.492094438242	0.00605401182903692
361.500823029465	0.00184529787810671
361.509553260409	0.00883192245763387
361.518285129804	0.00139094807658583
361.527018636379	0.00502176096417811
361.535753778863	0.00475074529309547
361.544490555985	0.00578299615795431
361.553228966474	0.0131004192771853
361.561969009061	0.0138576689463867
361.570710682473	0.00707032059559678
361.57945398544	0.00288153426754028
361.588198916692	0.00972866548695139
361.596945474958	0.0151649210069029
361.605693658966	0.00896743029317519
361.614443467446	0.0105177993527508
361.623194899128	0.0149337605815677
361.631947952739	0.0150214421222121
361.640702627011	0.0174047858179093
361.649458920672	0.0227015479777448
361.65821683245	0.0284566454636759
361.666976361076	0.0293015766735218
361.675737505279	0.0283450507755831
361.684500263787	0.0325258660544901
361.69326463533	0.0406483651378194
361.702030618638	0.0417204712484257
361.710798212439	0.0353994292728809
361.719567415462	0.0344787730961149
361.728338226438	0.0367465365791445
361.737110644094	0.0369099430867091
361.745884667161	0.0337294944760629
361.754660294368	0.0344588454732412
361.763437524443	0.0367983483986162
361.772216356116	0.0337294944760629
361.780996788116	0.0338450746887305
361.789778819173	0.0340602930157667
361.798562448015	0.0370693640696989
361.807347673373	0.0374280612814259
361.816134493974	0.0324700687104437
361.824922908549	0.0341240614089626
361.833712915826	0.0374400178551501
361.842504514534	0.0302262183748625
361.851297703404	0.0276236708275543
361.860092481164	0.0284486744145264
361.868888846543	0.0372965389704593
361.877686798271	0.0372885679213098
361.886486335077	0.0228569834361599
361.89528745569	0.0262446793246927
361.904090158839	0.030748322094154
361.912894443253	0.0319001386962552
361.921700307662	0.0264160568814067
361.930507750795	0.0270218566167679
361.939316771382	0.0317407177132654
361.94812736815	0.0288033861016787
361.95693953983	0.0234508265977968
361.965753285151	0.0279584548918329
361.974568602842	0.0285004862339981
361.983385491632	0.0262964911441644
361.992203950251	0.0252443126564318
362.001023977427	0.0240924960543307
362.00984557189	0.0218008194238526
362.01866873237	0.0253559073445247
362.027493457594	0.019297909990913
362.036319746294	0.0218805299153475
362.045147597197	0.0165638401326383
362.053977009033	0.0244232945940345
362.062807980531	0.0176200041449456
362.07164051042	0.0160935482328184
362.08047459743	0.0199196518245731
362.08931024029	0.0220718350949352
362.098147437729	0.0189950101232324
362.106986188477	0.0183493551421238
362.115826491262	0.0182895722735026
362.124668344814	0.0113069332185502
362.133511747861	0.0144435410588742
362.142356699134	0.0126460694756644
362.151203197361	0.0192500836960161
362.160051241272	0.0172214516874711
362.168900829596	0.0146906435825083
362.177751961062	0.0162569547403829
362.186604634399	0.0215736445230921
362.195458848336	0.0201428412007588
362.204314601603	0.0121757775758445
362.213171892929	0.012948969343345
362.222030721044	0.0265236660449248
362.230891084675	0.0175642068008991
362.239752982554	0.0175482647026001
362.248616413408	0.0135428125049819
362.257481375967	0.0163446362810273
362.26634786896	0.0182178328311572
362.275215891117	0.0163326797073031
362.284085441166	0.0125942576561927
362.292956517838	0.016535941460615
362.30182911986	0.0159301417252539
362.310703245963	0.0106134519425447
362.319578894875	0.0138178137006393
362.328456065327	0.0130167232611156
362.337334756046	0.0183214564701006
362.346214965762	0.00961308527428379
362.355096693205	0.00897141581774993
362.363979937103	0.0159022430532307
362.372864696187	0.0115101949718622
362.381750969184	0.00856090678655124
362.390638754825	0.00627321568064787
362.399528051838	0.0151290512857302
362.408418858953	0.011498238398138
362.417311174899	0.0111554832847099
362.426204998406	0.0120841105106254
362.435100328201	0.0185326892725621
362.443997163016	0.0116975146268752
362.452895501578	0.0114304844803673
362.461795342617	0.00711814689049372
362.470696684862	0.0153801393339391
362.479599527043	0.0208721921979371
362.488503867889	0.00871235672039153
362.497409706129	0.0164402888708212
362.506317040491	0.0135428125049819
362.515225869707	0.0162968099861304
362.524136192503	0.014367816091954
362.533048007611	0.0124268656240534
362.541961313759	0.00780764264192452
362.550876109676	0.0109920767771454
362.559792394091	0.00754459801999138
362.568710165734	0.00592248951807036
362.577629423334	0.014399700288552
362.58655016562	0.0129728824907934
362.595472391322	0.0101072903215521
362.604396099168	0.00832974636121606
362.613321287888	0.0181142091922139
362.62224795621	0.0157986194142873
362.631176102866	0.0100435219283562
362.640105726582	0.00933011302947694
362.649036826089	0.016364563903901
362.657969400117	0.0216134997688396
362.666903447393	0.0125823010824685
362.675838966647	0.0105018572544518
362.684775956609	0.0149178184832688
362.693714416008	0.021685239211185
362.702654343573	0.0172812345560923
362.711595738033	0.0156989812999187
362.720538598118	0.0144594831571731
362.729482922556	0.0240885105297559
362.738428710077	0.0166834058698806
362.74737595941	0.0151091236628565
362.756324669284	0.0197881295136066
362.765274838429	0.0312744113380203
362.774226465574	0.0128652733272753
362.783179549448	0.0107609163518102
362.792134088779	0.0175004384077032
362.801090082299	0.0163924625759242
362.810047528734	0.0133156376042215
362.819006426816	0.0116457028074035
362.827966775273	0.0201906674956558
362.836928572834	0.020920018492834
362.845891818228	0.0101033047969774
362.854856510185	0.0133873770465669
362.863822647434	0.0184489932564924
362.872790228705	0.0137341176845696
362.881759252725	0.0150174565976374
362.890729718225	0.0123989669520302
362.899701623935	0.0177873961770848
362.908674968582	0.0155435458415037
362.917649750896	0.0146268751893124
362.926625969607	0.013479044111786
362.935603623443	0.0175482647026001
362.944582711135	0.0181500789133866
362.95356323141	0.0131960718669791
362.962545182999	0.0155794155626763
362.97152856463	0.025272211328455
362.980513375033	0.018173992060835
362.989499612937	0.0156112997592743
362.998487277072	0.0185008050759641
363.007476366166	0.0225022717490076
363.016466878948	0.0224225612575127
363.025458814149	0.0216134997688396
363.034452170496	0.0169743491638369
363.04344694672	0.0204417555438647
363.052443141549	0.0181460933888118
363.061440753713	0.0194055191544311
363.070439781941	0.0180743539464664
363.079440224962	0.0173051477035407
363.088442081506	0.016364563903901
363.097445350301	0.0169145662952158
363.106450030078	0.0155315892677794
363.115456119564	0.0170739872782055
363.124463617489	0.0197124045466864
363.133472522583	0.014945717155292
363.142482833575	0.0174805107848295
363.151494549194	0.0175243515551517
363.160507668168	0.0219602404068424
363.169522189229	0.0172413793103448
363.178538111103	0.0184410222073429
363.187555432522	0.0162808678878314
363.196574152214	0.0197602308415834
363.205594268908	0.0158623878074832
363.214615781333	0.017456597637381
363.223638688219	0.0243595262008385
363.232662988295	0.0259417794570121
363.24168868029	0.0178551500948555
363.250715762934	0.0194174757281553
363.259744234955	0.0224504599295359
363.268774095083	0.0270656973870901
363.277805342047	0.024367497249988
363.286837974576	0.0258899676375405
363.2958719914	0.0237776396129258
363.304907391247	0.0291142570185088
363.313944172847	0.0271493934031597
363.32298233493	0.0222073429304765
363.332021876223	0.0334106525100834
363.341062795457	0.0251805442632359
363.350105091361	0.0172214516874711
363.359148762664	0.020935960591133
363.368193808095	0.0204098713472667
363.377240226384	0.0198000860873308
363.386288016259	0.0179986289795463
363.39533717645	0.0180225421269947
363.404387705686	0.0270736684362396
363.413439602697	0.0223428507660178
363.422492866211	0.0155873866118258
363.431547494957	0.0144794107800469
363.440603487666	0.0233511884834282
363.449660843066	0.0219044430627959
363.458719559886	0.0203341463803466
363.467779636856	0.0200671162338387
363.476841072705	0.0192859534171888
363.485903866162	0.0272530170421031
363.494968015956	0.0155674589889521
363.504033520816	0.0201428412007588
363.513100379473	0.0223986481100643
363.522168590654	0.0216334273917133
363.531238153089	0.0205533502319575
363.540309065508	0.0221435745372806
363.549381326639	0.0270497552887911
363.558454935212	0.0295088239514085
363.567529889956	0.0218167615221515
363.576606189601	0.0230921293860698
363.585683832875	0.028066064055351
363.594762818507	0.035351602977984
363.603843145228	0.0227892295183892
363.612924811765	0.0209798013614552
363.622007816849	0.0291023004447845
363.631092159209	0.0351961675195689
363.640177837573	0.0240008289891115
363.649264850671	0.0260812728171282
363.658353197233	0.0281975863663175
363.667442875987	0.0275120761394615
363.676533885662	0.0220997337669584
363.685626224989	0.0217131378832082
363.694719892695	0.0272888867632758
363.703814887511	0.0215537169002184
363.712911208166	0.0204816107896121
363.722008853388	0.0201906674956558
363.731107821907	0.0229845202225517
363.740208112452	0.0221037192915331
363.749309723753	0.0234747397452453
363.758412654539	0.0234866963189695
363.767516903538	0.0293892582141661
363.77662246948	0.026974030321871
363.785729351095	0.0227334321743428
363.794837547111	0.0246664115930939
363.803947056258	0.026021489948507
363.813057877265	0.0288392558228514
363.822170008861	0.0299113619334577
363.831283449775	0.0264080858322572
363.840398198737	0.0273048288615748
363.849514254476	0.0339885535734213
363.858631615721	0.0241841631195498
363.867750281201	0.0257026479825274
363.876870249645	0.0264160568814067
363.885991519784	0.0315852822548504
363.895114090345	0.0222671257990977
363.904237960058	0.0239290895467661
363.913363127653	0.0263443174390613
363.922489591858	0.0229964767962759
363.931617351403	0.0221595166355796
363.940746405017	0.0217529931289556
363.94987675143	0.036615014268178
363.959008389369	0.0265714923398218
363.968141317566	0.0250171377556714
363.977275534748	0.0317925295327371
363.986411039646	0.0264638831763037
363.995547830988	0.0290186044287149
364.004685907503	0.0276993957944745
364.013825267921	0.0275559169097837
364.022965910971	0.0273685972547707
364.032107835382	0.0312385416168476
364.041251039884	0.0287914295279545
364.050395523206	0.0283370797264336
364.059541284076	0.029672230458973
364.068688321224	0.0367345800054203
364.07783663338	0.0261171425383009
364.086986219272	0.0300827394901717
364.09613707763	0.0319320228928532
364.105289207183	0.0394487222408213
364.11444260666	0.0292218661820269
364.12359727479	0.0357222567634352
364.132753210304	0.0358936343201492
364.141910411928	0.0393171999298548
364.151068878394	0.0240287276611347
364.160228608431	0.0278707733511885
364.169389600766	0.0328168093484464
364.178551854131	0.0297519409504679
364.187715367253	0.0255232993766639
364.196880138863	0.0286838203644364
364.206046167689	0.0303856393578523
364.21521345246	0.0319559360403016
364.224381991907	0.0259856202273343
364.233551784757	0.0266512028313167
364.242722829741	0.036208490761554
364.251895125587	0.0292896200997975
364.261068671024	0.0271214947311365
364.270243464783	0.0327809396272737
364.279419505592	0.03385304573788
364.28859679218	0.0409711926283738
364.297775323277	0.0383845871793645
364.306955097611	0.0354711687152263
364.316136113913	0.0372008863806654
364.325318370911	0.043151274570759
364.334501867334	0.0441755543864683
364.343686601912	0.0417842396416216
364.352872573373	0.0422266328694183
364.362059780448	0.0499824636918711
364.371248221865	0.0384961818674574
364.380437896354	0.0374121191831269
364.389628802644	0.0399628549109634
364.398820939463	0.0309396272737418
364.408014305542	0.039703795813605
364.417208899609	0.0374679165271733
364.426404720393	0.0314936151896313
364.435601766625	0.0420393132144053
364.444800037032	0.0253598928690994
364.453999530345	0.031170787699077
364.463200245293	0.0298236803928133
364.472402180604	0.0324102858418225
364.481605335008	0.0246982957896918
364.490809707234	0.027675482647026
364.500015296012	0.031872240024232
364.50922210007	0.0261251135874504
364.518430118138	0.0246305418719212
364.527639348945	0.0210156710826279
364.536849791221	0.0277830918105441
364.546061443693	0.0246464839702201
364.555274305093	0.0250051811819472
364.564488374148	0.0270577263379406
364.573703649589	0.0314697020421828
364.582920130144	0.0303975959315765
364.592137814543	0.026396129258533
364.601356701514	0.0277830918105441
364.610576789787	0.0330121000526089
364.619798078092	0.0337972483938336
364.629020565157	0.0288671544948746
364.638244249712	0.0272091762717809
364.647469130486	0.0302222328502877
364.656695206207	0.0325856489231113
364.665922475606	0.0243435841025396
364.675150937412	0.0267229422736621
364.684380590354	0.0252682258038803
364.69361143316	0.0251247469191895
364.70284346456	0.0293773016404419
364.712076683285	0.0224345178312369
364.721311088061	0.020218566167679
364.73054667762	0.0300907105393212
364.73978345069	0.0246185852981969
364.749021405999	0.0224743730769844
364.758260542279	0.0287276611347585
364.767500858257	0.0237258277934542
364.776742352664	0.0273646117301959
364.785985024227	0.0228171281904124
364.795228871677	0.0338809444099032
364.804473893742	0.032557750251088
364.813720089152	0.0238573501044207
364.822967456637	0.0273685972547707
364.832215994924	0.0360650118768632
364.841465702744	0.032011733384348
364.850716578826	0.0256707637859295
364.859968621899	0.0293852726895914
364.869221830692	0.0315972388285746
364.878476203934	0.0268783777320771
364.887731740355	0.0257106190316769
364.896988438684	0.0261530122594736
364.906246297649	0.0308758588805459
364.915505315981	0.0324860108087426
364.924765492409	0.0248856154447048
364.934026825661	0.0232037240741626
364.943289314467	0.0324860108087426
364.952552957556	0.0275280182377604
364.961817753657	0.0254834441309165
364.971083701501	0.0315812967302756
364.980350799814	0.0274921485165877
364.989619047328	0.0291023004447845
364.998888442771	0.0278747588757632
365.008158984873	0.0284526599391012
365.017430672362	0.024602643199898
365.026703503968	0.0334624643295551
365.03597747842	0.0283609928738821
365.045252594448	0.0294131713616146
365.05452885078	0.0265794633889712
365.063806246146	0.0301744065553908
365.073084779275	0.0294251279353388
365.082364448896	0.0302979578172079
365.091645253738	0.0281617166451448
365.100927192531	0.0274124380250928
365.110210264004	0.0263881582093835
365.119494466886	0.0265196805203501
365.128779799906	0.0314736875667575
365.138066261794	0.0330639118720806
365.147353851278	0.024415323544885
365.156642567089	0.0248138760023594
365.165932407955	0.02948491080396
365.175223372605	0.0341718877038596
365.184515459768	0.0308838299296953
365.193808668175	0.0281537455959953
365.203102996553	0.0290345465270139
365.212398443633	0.0305809300620148
365.221695008143	0.0302262183748625
365.230992688813	0.0318921676471057
365.240291484372	0.035849793549827
365.249591393549	0.0377987150668771
365.258892415073	0.0327171712340778
365.268194547674	0.0337334800006377
365.277497790081	0.0313700639278142
365.286802141023	0.0323664450715003
365.296107599229	0.0316928914183685
365.305414163429	0.0336178997879701
365.314721832351	0.0327530409552505
365.324030604725	0.0389983579638752
365.33334047928	0.0312305705676981
365.342651454745	0.0332233328550704
365.351963529851	0.0341001482615142
365.361276703324	0.03330702887114
365.370590973896	0.0306327418814864
365.379906340295	0.0256428651139063
365.389222801251	0.0358218948778038
365.398540355492	0.0252363416072823
365.407859001748	0.0246624260685191
365.417178738748	0.0258979386866899
365.426499565221	0.0269859868955952
365.435821479897	0.034056307491192
365.445144481505	0.0229127807802063
365.454468568774	0.0256149664418831
365.463793740432	0.0243555406762638
365.473119995211	0.0260653307188292
365.482447331838	0.0219682114559918
365.491775749042	0.0261968530297958
365.501105245554	0.0280780206290752
365.510435820102	0.0341160903598132
365.519767471416	0.0302899867680584
365.529100198224	0.0332193473304956
365.538433999256	0.0338490602133053
365.547768873241	0.0347338466688986
365.557104818909	0.0360769684505875
365.566441834988	0.039125894750267
365.575779920209	0.0447375133515073
365.585119073299	0.0353276898305355
365.594459292988	0.0373842205111037
365.603800578006	0.038269006966697
365.613142927082	0.0392653881103831
365.622486338944	0.0451121526615333
365.631830812323	0.035335660879685
365.641176345947	0.0359693592870694
365.650522938545	0.0361407368437834
365.659870588848	0.0369816825290545
365.669219295583	0.0343472507851483
365.678569057481	0.0297917961962153
365.68791987327	0.0368421891689384
365.697271741679	0.0276117142538301
365.706624661439	0.0329602882331373
365.715978631278	0.0303417985875301
365.725333649925	0.0310113667160872
365.734689716109	0.0300667973918727
365.74404682856	0.0342794968673777
365.753404986008	0.0328686211679181
365.76276418718	0.0333309420185885
365.772124430807	0.0379541505252921
365.781485715618	0.036411752514866
365.790848040341	0.0341838442775838
365.800211403707	0.0397675642068009
365.809575804443	0.0404969152039791
365.818941241281	0.0324939818578921
365.828307712948	0.0346063098825067
365.837675218174	0.0334265946083823
365.847043755688	0.0448331659413012
365.856413324219	0.0342874679165272
365.865783922497	0.0351523267492467
365.875155549251	0.0420711974110032
365.88452820321	0.0378704545092225
365.893901883104	0.0342874679165272
365.90327658766	0.0373802349865289
365.91265231561	0.0362722591547499
365.922029065681	0.0439882347314553
365.931406836604	0.0429400417682975
365.940785627107	0.040779887448786
365.950165435919	0.0405566980726003
365.959546261771	0.0428284470802047
365.96892810339	0.0435936677985556
365.978310959506	0.0385719068343775
365.98769482885	0.0464632454923717
365.997079710148	0.048954198351587
366.006465602132	0.040592567793773
366.01585250353	0.0408795255631546
366.025240413071	0.0469694071133643
366.034629329484	0.0492451416455434
366.0440192515	0.0388389369808854
366.053410177846	0.0376791493296348
366.062802107253	0.0393092288807053
366.072195038449	0.0462520126899102
366.081588970163	0.0331276802652765
366.090983901126	0.0363758827936933
366.100379830065	0.0359932724345178
366.109776755711	0.0374519744288743
366.119174676793	0.0343552218342978
366.128573592039	0.0403653928930126
366.137973500179	0.0400425654024583
366.147374399943	0.0356824015176877
366.156776290058	0.0338490602133053
366.166179169256	0.0328407224958949
366.175583036264	0.0378106716406013
366.184987889812	0.0437212045849475
366.19439372863	0.0442951201237107
366.203800551446	0.0446219331388397
366.21320835699	0.04477338307268
366.222617143991	0.0535893634320149
366.232026911178	0.0505523937060596
366.24143765728	0.0489820970236102
366.250849381027	0.0556777783091811
366.260262081148	0.0538364659556491
366.269675756371	0.0464672310169464
366.279090405428	0.0525292138951329
366.288506027045	0.0506440607712787
366.297922619953	0.0534458845473241
366.307340182881	0.046271940312784
366.316758714558	0.0471726688666762
366.326178213714	0.0468299137532482
366.335598679077	0.0470371610311349
366.345020109377	0.0468697689989956
366.354442503343	0.0464154191974748
366.363865859704	0.042792577359032
366.37329017719	0.0506799304924514
366.382715454529	0.0458614312815853
366.392141690451	0.0429519983420218
366.401568883686	0.0453991104309149
366.410997032961	0.0451280947598323
366.420426137007	0.0473041911776428
366.429856194553	0.0429679404403208
366.439287204328	0.0450324421700384
366.448719165061	0.0517839207996557
366.458152075482	0.0486831826805044
366.467585934319	0.0476828160122435
366.477020740302	0.0454349801520876
366.48645649216	0.0514013104404802
366.495893188622	0.0513176144244105
366.505330828418	0.0512179763100419
366.514769410277	0.0545777735265515
366.524208932928	0.0555781401948124
366.533649395099	0.0539321185454429
366.543090795521	0.0509230474915108
366.552533132923	0.051357469670158
366.561976406034	0.0552433561305339
366.571420613583	0.0543346565274922
366.580865754298	0.0510505842779026
366.590311826911	0.0601256237345959
366.599758830149	0.0519234141597717
366.609206762742	0.0511183381956733
366.618655623419	0.0515168906531477
366.62810541091	0.0529277663526073
366.637556123943	0.0510306566550289
366.647007761248	0.0520788496181867
366.656460321554	0.0529596505492053
366.66591380359	0.0552513271796834
366.675368206086	0.0581767022175459
366.68482352777	0.0567777830918105
366.694279767372	0.056116186012403
366.703736923622	0.0594919253272116
366.713194995247	0.0641549890796627
366.722653980979	0.0568893777799034
366.732113879545	0.0560285044717586
366.741574689675	0.0588382992969535
366.751036410098	0.0635651314426005
366.760499039544	0.0553429942449025
366.769962576741	0.0571205382052386
366.779427020419	0.0631267237393786
366.788892369308	0.0678216716884276
366.798358622135	0.0700416088765603
366.807825777632	0.0698463181723979
366.817293834525	0.0755336617405583
366.826762791546	0.0776619318634719
366.836232647423	0.0742662649257895
366.845703400886	0.0785825880402379
366.855175050663	0.086286607043219
366.864647595484	0.0827514467454206
366.874121034078	0.0763825784749789
366.883595365174	0.0762032298691154
366.893070587502	0.0752307618728777
366.902546699791	0.0808025252283705
366.912023700769	0.073931480861511
366.921501589167	0.0733216956015751
366.930980363713	0.0789891115468618
366.940460023136	0.0772992491271701
366.949940566167	0.072652127473018
366.959421991533	0.0705557415467024
366.968904297965	0.0763785929504041
366.978387484191	0.0751390948076586
366.987871548941	0.079423533725509
366.997356490944	0.0801728123455609
367.006842308929	0.0827554322699954
367.016329001625	0.0786264288105601
367.025816567762	0.0841623224448802
367.035305006068	0.0898935067833628
367.044794315274	0.0907384379932087
367.054284494108	0.0932413474261482
367.063775541299	0.0912286575159022
367.073267455577	0.0972627417220654
367.082760235671	0.106541042932071
367.09225388031	0.110789612128748
367.101748388224	0.103898640139015
367.11124375814	0.108820762988825
367.12073998879	0.105301544789325
367.130237078902	0.106720391537934
367.139735027205	0.107529453026607
367.149233832428	0.100407320611539
367.158733493301	0.102667113045419
367.168234008552	0.0997058682863838
367.177735376912	0.0956446187447192
367.187237597109	0.0910253957625903
367.196740667873	0.0882514706585681
367.206244587932	0.0837637699874057
367.215749356017	0.0760358378369761
367.225254970855	0.080655060819105
367.234761431177	0.0722057487206466
367.244268735712	0.0744416280070783
367.253776883188	0.0619948347601511
367.263285872335	0.0571843065984345
367.272795701883	0.0537408133658552
367.28230637056	0.0537966107099016
367.291817877096	0.0517480510784829
367.30133022022	0.046240056116186
367.310843398661	0.0462440416407608
367.320357411148	0.0463117955585314
367.329872256411	0.0367983483986162
367.339387933179	0.0401143048448037
367.348904440181	0.0417085146747015
367.358421776146	0.0383088622124444
367.367939939803	0.0389664737672772
367.377458929882	0.0384124858513877
367.386978745112	0.0457976628883894
367.396499384222	0.0395882156009374
367.406020845942	0.0386396607521482
367.415543129	0.0412621359223301
367.425066232126	0.0444784542541489
367.434590154049	0.0461284614280932
367.444114893498	0.0466386085736605
367.453640449202	0.0458415036587116
367.463166819891	0.0499744926427216
367.472694004294	0.044398743762654
367.48222200114	0.0437012769620738
367.491750809159	0.0435378704545092
367.501280427079	0.0455864300859279
367.51081085363	0.0432269995376791
367.52034208754	0.0413817016595724
367.52987412754	0.0381414701803051
367.539406972358	0.0423382275575111
367.548940620724	0.0377508887719802
367.558475071367	0.0335979721650964
367.568010323016	0.0374838586254723
367.5775463744	0.0311787587482264
367.587083224249	0.037722990099957
367.596620871291	0.0353555885025587
367.606159314256	0.031888182122531
367.615698551874	0.033510290624452
367.625238582873	0.0386635738995967
367.634779405982	0.029827665917388
367.644321019931	0.0273646117301959
367.653863423449	0.0400186522550098
367.663406615266	0.0361925486632551
367.67295059411	0.033103767117828
367.682495358711	0.0347019624723006
367.692040907797	0.0472404227844469
367.701587240099	0.038392558228514
367.711134354345	0.0427487365887098
367.720682249265	0.0415929344620339
367.730230923587	0.0417603264941732
367.739780376042	0.0436494651426021
367.749330605358	0.0405686546463245
367.758881610264	0.0417762685924721
367.76843338949	0.051887544438599
367.777985941764	0.0449806303505667
367.787539265817	0.0415172094951137
367.797093360377	0.0403653928930126
367.806648224174	0.0519911680775424
367.816203855937	0.0480574553222695
367.825760254394	0.0439045387153857
367.835317418276	0.038033861016787
367.844875346311	0.0470849873260318
367.854434037229	0.0440280899772028
367.863993489758	0.0470371610311349
367.873553702629	0.0385559647360786
367.88311467457	0.0421788065745213
367.892676404311	0.0436215664705789
367.90223889058	0.0397835063050999
367.911802132107	0.0408077861208092
367.921366127621	0.0416527173306551
367.930930875852	0.047128828096354
367.940496375529	0.0385719068343775
367.95006262538	0.0386157476046997
367.959629624135	0.045913243101057
367.969197370524	0.044398743762654
367.978765863275	0.0430237377843672
367.988335101117	0.0447773685972548
367.997905082781	0.0496915203979148
368.007475806995	0.0523060245189472
368.017047272488	0.0465708546558898
368.02661947799	0.0449009198590718
368.03619242223	0.058985763706219
368.045766103936	0.0527723308941923
368.055340521839	0.0482567315510068
368.064915674667	0.0472842635547691
368.07449156115	0.0508552935737402
368.084068180017	0.0489900680727597
368.093645529997	0.0425574314091221
368.10322360982	0.0411744543816857
368.112802418214	0.045694039249446
368.122381953908	0.0421827920990961
368.131962215633	0.0365791445470053
368.141543202117	0.0386197331292745
368.15112491209	0.0429838825386197
368.16070734428	0.0424856919667767
368.170290497417	0.0450842539895101
368.17987437023	0.0447136002040588
368.189458961448	0.0463715784271526
368.199044269801	0.0484281091077207
368.208630294018	0.0514331946370781
368.218217032827	0.0498628979546288
368.227804484959	0.0509708737864078
368.237392649142	0.0492331850718192
368.246981524106	0.0475512937012769
368.25657110858	0.0522342850766018
368.266161401292	0.0589498939850463
368.275752400973	0.0558531413904698
368.285344106352	0.0520469654215888
368.294936516157	0.0543346565274922
368.304529629118	0.0532426227940121
368.314123443965	0.0557335756532275
368.323717959426	0.0527524032713185
368.33331317423	0.0514531222599519
368.342909087107	0.0527404466975943
368.352505696786	0.0560085768488849
368.362103001997	0.0464632454923717
368.371701001468	0.0448929488099223
368.381299693929	0.0494364468251311
368.390899078108	0.0469375229167663
368.400499152736	0.0423422130820858
368.410099916541	0.041341846413825
368.419701368253	0.0414414845281936
368.4293035066	0.0429759114894702
368.438906330312	0.0381574122786041
368.448509838119	0.0414335134790441
368.458114028749	0.0403494507947136
368.467718900932	0.0400664785499067
368.477324453397	0.0403056100243914
368.486930684873	0.0396758971415818
368.496537594089	0.0455505603647552
368.506145179774	0.0487110813525276
368.515753440659	0.04968753487334
368.525362375471	0.0479418751096019
368.534971982941	0.0599303330304335
368.544582261797	0.0613651218773415
368.554193210769	0.0536611028743603
368.563804828585	0.0539679882666156
368.573417113976	0.0646093388811835
368.58303006567	0.0636807116552681
368.592643682397	0.0662832592025762
368.602257962885	0.0612973679595708
368.611872905864	0.0730825641270904
368.621488510063	0.0663151433991742
368.631104774212	0.0585234428555486
368.64072169704	0.0553908205397995
368.650339277275	0.0599183764567092
368.659957513647	0.0530911728601718
368.669576404886	0.0521784877325554
368.67919594972	0.0496994914470643
368.688816146878	0.0532984201380586
368.698436995091	0.0493128955633141
368.708058493087	0.0476868015368183
368.717680639595	0.0420193855915315
368.727303433345	0.0491295614328758
368.736926873066	0.0470371610311349
368.746550957486	0.0401541600905511
368.756175685336	0.0389664737672772
368.765801055344	0.0426331563760422
368.77542706624	0.0437849729781434
368.785053716754	0.0429838825386197
368.794681005613	0.0504009437722193
368.804308931547	0.0478342659460838
368.813937493286	0.0499147097741005
368.823566689559	0.0521027627656352
368.833196519094	0.0555900967685367
368.842826980622	0.0583401087251104
368.852458072872	0.0570926395332154
368.862089794572	0.055912924259091
368.871722144452	0.0548448036730594
368.881355121241	0.0649162242734389
368.890988723668	0.0642984679643535
368.900622950463	0.0624412135125225
368.910257800355	0.0586509796419405
368.919893272073	0.0674669600012754
368.929529364345	0.0642386850957323
368.939166075903	0.0604604077988745
368.948803405474	0.0522542126994755
368.958441351787	0.0638600602611316
368.968079913573	0.056614376584246
368.97771908956	0.0492730403175666
368.987358878478	0.0485676024678368
368.996999279055	0.0476987581105425
369.006640290021	0.0488545602372184
369.016281910106	0.0496476796275926
369.025924138038	0.048643327434757
369.035566972546	0.0587107625105616
369.04521041236	0.0534339279735999
369.05485445621	0.0506759449678767
369.064499102823	0.0536850160218088
369.07414435093	0.0522382706011765
369.08379019926	0.0554745165558691
369.093436646541	0.0563114767165654
369.103083691504	0.0555143718016165
369.112731332878	0.0578578602515663
369.12237956939	0.061528528384906
369.132028399772	0.0563951727326351
369.141677822751	0.0568973488290529
369.151327837058	0.0565665502893491
369.160978441421	0.0560364755209081
369.17062963457	0.0592328662298532
369.180281415234	0.0583799639708579
369.189933782142	0.061357150828192
369.199586734023	0.0645854257337351
369.209240269607	0.0581846732666954
369.218894387622	0.0547611076569898
369.228549086799	0.0586469941173657
369.238204365866	0.0574194525483444
369.247860223552	0.0528799400577104
369.257516658587	0.0585353994292729
369.2671736697	0.0599901158990546
369.276831255619	0.0539919014140641
369.286489415075	0.0561879254547484
369.296148146797	0.0620107768584501
369.305807449513	0.0688021107338148
369.315467321954	0.0701532035646532
369.325127762847	0.0638959299823043
369.334788770923	0.0685749358330543
369.34445034491	0.0742024965325936
369.354112483539	0.0785267906961914
369.363775185537	0.0709263953321536
369.373438449635	0.0706792928085195
369.383102274561	0.0743300333189855
369.392766659045	0.0742144531063178
369.402431601816	0.0666818116600507
369.412097101603	0.0696111722224879
369.421763157135	0.0684274714237888
369.431429767142	0.0720622698359558
369.441096930353	0.0680926873595103
369.450764645496	0.0621303425956924
369.460432911303	0.0666977537583497
369.4701017265	0.0738557558945908
369.479771089818	0.0612933824349961
369.489440999986	0.0605879445852663
369.499111455734	0.0698343615986736
369.508782455789	0.063198463181724
369.518453998882	0.0574194525483444
369.528126083742	0.0551437180161653
369.537798709098	0.0591491702137835
369.547471873679	0.0546933537392192
369.557145576215	0.0578020629075199
369.566819815434	0.06029700129131
369.576494590066	0.0622857780541075
369.58616989884	0.0712691504455816
369.595845740486	0.0693003013056579
369.605522113732	0.074632933186666
369.615199017308	0.082293111419325
369.624876449942	0.0843735552473417
369.634554410365	0.0813804262917085
369.644232897306	0.082121733862611
369.653911909493	0.0904634367975513
369.663591445656	0.08978191209527
369.673271504524	0.0868087107625105
369.682952084826	0.0840188435601894
369.692633185292	0.0802365807387568
369.70231480465	0.0842021776906276
369.711996941631	0.0813206434230873
369.721679594962	0.0773072201763196
369.731362763374	0.0795231718398776
369.741046445596	0.0814800644060771
369.750730640356	0.0740669886970523
369.760415346385	0.0671560890844453
369.770100562411	0.0674430468538269
369.779786287163	0.0669089865608111
369.789472519371	0.0666260143160043
369.799159257764	0.0645933967828846
369.808846501071	0.0807467278843241
369.818534248021	0.0680926873595103
369.828222497344	0.0701651601383774
369.837911247769	0.0704800165797822
369.847600498024	0.0727597366365361
369.85729024684	0.07613149042677
369.866980492946	0.0735448849777608
369.87667123507	0.0731184338482631
369.886362471942	0.0816514419627911
369.896054202291	0.0900011159468809
369.905746424846	0.0793318666602898
369.915439138337	0.0824007205828431
369.925132341493	0.0864021872558866
369.934826033043	0.0885782836736971
369.944520211716	0.0891880689336331
369.954214876241	0.0840826119533853
369.963910025348	0.0946601941747573
369.973605657766	0.0942775838155818
369.983301772224	0.0913083680073971
369.992998367452	0.0914279337446395
370.002695442177	0.0986058635037544
370.012392995131	0.0872471184657324
370.022091025041	0.0821416614854847
370.031789530638	0.0807507134088989
370.04148851065	0.0867489278938894
370.051187963807	0.0845768170006536
370.060887888838	0.0825362284183844
370.070588284471	0.0812528895053167
370.080289149437	0.0851866022605895
370.089990482465	0.0868445804836833
370.099692282283	0.0838514515280501
370.109394547621	0.0863065346660928
370.119097277208	0.0982272386691536
370.128800469774	0.0945485994866644
370.138504124047	0.0859239243069173
370.148208238757	0.0898217673410174
370.157912812633	0.0934565657531844
370.167617844404	0.0928746791652717
370.1773233328	0.0940862786359941
370.187029276549	0.0855134152757186
370.196735674382	0.0941062062588678
370.206442525026	0.0942696127664323
370.216149827212	0.083604349004416
370.225857579668	0.0803601320005739
370.235565781124	0.0881637891179237
370.24527443031	0.0839351475441198
370.254983525953	0.0832217386452405
370.264693066784	0.0823967350582684
370.274403051531	0.0869681317455003
370.284113478925	0.0840945685271095
370.293824347693	0.0880043681349339
370.303535656566	0.088331181150063
370.313247404272	0.0972029588534443
370.322959589541	0.0949192532721157
370.332672211103	0.0937395379979913
370.342385267685	0.101782326589826
370.352098758018	0.107274379453824
370.36181268083	0.10678415993113
370.371527034851	0.113149042676997
370.38124181881	0.107449742535112
370.390957031437	0.112236357549381
370.40067267146	0.117529134184641
370.410388737609	0.110570408277137
370.420105228612	0.107417858338515
370.4298221432	0.111530919699651
370.439539480102	0.108454094727948
370.449257238046	0.107258437355525
370.458975415761	0.104624005611619
370.468694011978	0.101965660720264
370.478413025425	0.10304573788002
370.488132454832	0.095086645304255
370.497852298927	0.0917985875300907
370.50757255644	0.0916750362682736
370.5172932261	0.0867648699921884
370.527014306637	0.0896503897843034
370.536735796779	0.0884906021330528
370.546457695256	0.0895268385224863
370.556180000797	0.08541377716135
370.565902712132	0.0905351762398967
370.575625827988	0.0915196008098586
370.585349347097	0.09851818196311
370.595073268186	0.0976852073269884
370.604797589986	0.102706968291166
370.614522311224	0.1084301815805
370.624247430632	0.116014634846238
370.633972946937	0.111929472157125
370.643698858869	0.119454142554243
370.653425165157	0.12167806526695
370.663151864531	0.122678431935211
370.672878955719	0.125946562086502
370.682606437452	0.125540038579878
370.692334308457	0.12223205318284
370.702062567465	0.121275527284901
370.711791213204	0.127182074704673
370.721520244404	0.122128429543897
370.731249659793	0.121462846939914
370.740979458103	0.122809954246178
370.75070963806	0.126396926363448
370.760440198395	0.126002359430548
370.770171137837	0.121777703381319
370.779902455115	0.139142633953481
370.789634148958	0.134148771661326
370.799366218096	0.131709630621582
370.809098661258	0.145981794123743
370.818831477172	0.152820954294004
370.828564664569	0.15382530648684
370.838298222177	0.163944553382116
370.848032148725	0.16598912748896
370.857766442943	0.18065585792402
370.867501103561	0.177913817016596
370.877236129307	0.181532673330464
370.88697151891	0.182879780636727
370.8967072711	0.185550082101806
370.906443384605	0.183517464568687
370.916179858156	0.185083775726561
370.925916690481	0.185115659923159
370.93565388031	0.184266743188738
370.945391426372	0.17706888580675
370.955129327395	0.178651139062923
370.96486758211	0.174753296028823
370.974606189245	0.169863057375612
370.98434514753	0.169177547148756
370.994084455694	0.162453967191162
371.003824112466	0.161820268783777
371.013564116575	0.1517169639868
371.023304466751	0.154845600777974
371.033045161722	0.142052066893044
371.042786200219	0.141537934222902
371.052527580969	0.130745133674494
371.062269302704	0.129593317072393
371.07201136415	0.120693640696989
371.081753764039	0.115835286240375
371.091496501099	0.120438567124205
371.101239574058	0.108378369761028
371.110982981648	0.098876879174837
371.120726722596	0.0903797407814817
371.130470795632	0.0888891545905272
371.140215199486	0.0842978302804215
371.149959932885	0.0746050345146428
371.159704994561	0.07121733862611
371.169450383241	0.0629473751335151
371.179196097655	0.0606118577327148
371.188942136532	0.0522741403223492
371.198688498603	0.04695745053964
371.208435182594	0.0494962296937523
371.218182187237	0.0432230140131044
371.22792951126	0.0401063337956542
371.237677153392	0.0336697116074418
371.247425112362	0.0392335039137851
371.257173386901	0.043868668994213
371.266921975736	0.0404889441548296
371.276670877598	0.0387114001944936
371.286420091215	0.0424657643439029
371.296169615317	0.047535351602978
371.305919448633	0.0510306566550289
371.315669589892	0.0591930109841057
371.325420037823	0.0592488083281521
371.335170791156	0.0594042437865672
371.344921848619	0.0617278046136433
371.354673208943	0.0624372279879478
371.364424870856	0.0642346995711575
371.374176833087	0.0629633172318141
371.383929094366	0.0541592934462034
371.393681653421	0.0525411704688571
371.403434508983	0.0573397420568495
371.41318765978	0.0491455035311748
371.422941104542	0.0441197570424219
371.432694841997	0.0455146906435825
371.442448870876	0.0401701021888501
371.452203189906	0.0419157619525882
371.461957797818	0.0402617692540692
371.471712693341	0.0408595979402809
371.481467875203	0.0415172094951137
371.491223342135	0.0428563457522279
371.500979092864	0.0381693688523283
371.510735126121	0.0386356752275734
371.520491440636	0.044976644825992
371.530248035135	0.048408181484847
371.54000490835	0.0458096194621136
371.54976205901	0.0402697403032187
371.559519485843	0.0475273805538285
371.569277187579	0.0432668547834266
371.579035162947	0.04258931560572
371.588793410676	0.0442911345991359
371.598551929495	0.0496955059224895
371.608310718135	0.0491335469574506
371.618069775323	0.0519393562580707
371.627829099789	0.0445661357947933
371.637588690263	0.0502893490841265
371.647348545473	0.0570169145662952
371.657108664149	0.0520071101758413
371.66686904502	0.0539839303649146
371.676629686816	0.056223795175921
371.686390588264	0.0617756309085402
371.696151748096	0.0574353946466434
371.705913165039	0.0579973536116824
371.715674837824	0.068096672884085
371.725436765178	0.0656136910740192
371.735198945833	0.0593046056721986
371.744961378516	0.0646770927989542
371.754724061957	0.0657850686307332
371.764486994885	0.0657173147129625
371.774250176029	0.0616241809746999
371.78401360412	0.0574154670237697
371.793777277885	0.0626843305115819
371.803541196054	0.054274873658871
371.813305357357	0.0495400704640745
371.823069760522	0.0488426036634942
371.832834404278	0.048252746026432
371.842599287356	0.0423262709837869
371.852364408484	0.0479618027324756
371.862129766391	0.0405407559743013
371.871895359807	0.0444744687295742
371.881661187461	0.0433266376520478
371.891427248081	0.0436016388477051
371.901193540398	0.0441197570424219
371.910960063141	0.0487270234508266
371.920726815038	0.0565466226664754
371.930493794819	0.0549683549348765
371.940261001214	0.0594480845568894
371.95002843295	0.0699339997130422
371.959796088758	0.0704481323831843
371.969563967367	0.072277488162992
371.979332067507	0.0715561082149632
371.989100387905	0.0812807881773399
371.998868927292	0.0763307666555072
372.008637684396	0.0712771214947311
372.018406657947	0.0688180528321138
372.028175846675	0.0664347091364165
372.037945249308	0.068439427997513
372.047714864575	0.0611618601240295
372.057484691206	0.0598027962440416
372.06725472793	0.0613651218773415
372.077024973477	0.0589100387392988
372.086795426574	0.057176335549285
372.096566085953	0.0561281425861272
372.106336950341	0.0560803162912302
372.116108018468	0.0567817686163853
372.125879289064	0.056598434485947
372.135650760857	0.0602890302421605
372.145422432577	0.0676223954596904
372.155194302953	0.0650039058140832
372.164966370714	0.0605759880115421
372.17473863459	0.060827076059751
372.184511093309	0.0587267046088606
372.194283745601	0.06388397340858
372.204056590195	0.0589658360833453
372.213829625821	0.0579176431201875
372.223602851206	0.0602691026192867
372.233376265082	0.0604604077988745
372.243149866177	0.0560085768488849
372.252923653219	0.0647089769955521
372.262697624939	0.0705198718255297
372.272471780066	0.0728354616034562
372.282246117328	0.0677658743443812
372.292020635456	0.0798300572321329
372.301795333178	0.0772753359797216
372.311570209223	0.0819902115516444
372.321345262321	0.0801847689192851
372.331120491201	0.083759784462831
372.340895894592	0.0862308096991726
372.350671471223	0.0830224624165032
372.360447219824	0.080296363607378
372.370223139124	0.0844054394439396
372.379999227851	0.0840786264288105
372.389775484736	0.0794474468729574
372.399551908508	0.0785706314665136
372.409328497894	0.0748003252188053
372.419105251626	0.0718271238860459
372.428882168433	0.0659006488434008
372.438659247042	0.0631506368868271
372.448436486184	0.0634296236070592
372.458213884588	0.0635691169671752
372.467991440982	0.0612654837629729
372.477769154097	0.0618473703508856
372.487547022661	0.0593245332950723
372.497325045404	0.0608908444529469
372.507103221055	0.0610781641079599
372.516881548343	0.0625169384794426
372.526660025997	0.0677499322460822
372.536438652746	0.0723412565561879
372.546217427321	0.0732340140609307
372.555996348449	0.0749159054314729
372.565775414861	0.0851268193919684
372.575554625285	0.0877931353324725
372.58533397845	0.08868987836179
372.595113473087	0.0920058348079774
372.604893107923	0.0874822644156424
372.614672881689	0.0929304765093182
372.624452793113	0.0867529134184641
372.634232840925	0.0872192197937092
372.644013023854	0.0856250099638114
372.653793340629	0.0845130486074577
372.663573789979	0.0936638130310711
372.673354370634	0.0844851499354345
372.683135081323	0.0798858545761793
372.692915920774	0.093572145965852
372.702696887718	0.0870000159420983
372.712477980884	0.0803362188531254
372.722259199	0.0879804549874855
372.732040540796	0.0847760932293908
372.741822005001	0.0817351379788608
372.751603590345	0.078642370908859
372.761385295556	0.0783036013200057
372.771167119363	0.0730307523076187
372.780949060497	0.0753184434135221
372.790731117686	0.0737202480590495
372.80051328966	0.070109362794331
372.810295575147	0.0762749693114608
372.820077972877	0.0741945254834441
372.829860481579	0.0724887209654535
372.839643099982	0.0705676981204266
372.849425826816	0.0785865735648126
372.85920866081	0.08354058061122
372.868991600693	0.0851786312114401
372.878774645194	0.090296044765412
372.888557793042	0.105010601495369
372.898341042966	0.099578331499992
372.908124393697	0.107613149042677
372.917907843963	0.113013534841456
372.927691392493	0.116608478007875
372.937475038017	0.120099797535352
372.947258779263	0.108844676136273
372.957042614961	0.108095397516221
372.966826543841	0.112822229661868
372.976610564631	0.106899740143798
372.98639467606	0.103360594321425
372.996178876858	0.100068551022686
373.005963165754	0.091794602005516
373.015747541478	0.105130167232611
373.025532002758	0.0914119916463405
373.035316548324	0.0885503850016739
373.045101176904	0.0918942401198846
373.054885887229	0.093261275049022
373.064670678027	0.0889848071803211
373.074455548028	0.0892677794251279
373.08424049596	0.0939069300301306
373.094025520553	0.0938232340140609
373.103810620537	0.0932054777049755
373.11359579464	0.0985699937825817
373.123381041592	0.0889808216557463
373.133166360122	0.0882434996094186
373.142951748958	0.0918942401198846
373.152737206832	0.093400768409138
373.16252273247	0.103229072010458
373.172308324604	0.0965493328231862
373.182093981961	0.108334528990706
373.191879703272	0.111961356353723
373.201665487265	0.118525515328328
373.211451332669	0.122180241363368
373.221237238215	0.124444019321823
373.231023202631	0.126249461954182
373.240809224645	0.134850223986481
373.250595302989	0.132694055191544
373.26038143639	0.134519425446777
373.270167623578	0.135750952540373
373.279953863282	0.132434996094186
373.289740154232	0.13541218295152
373.299526495157	0.128142586127186
373.309312884785	0.122762127951281
373.319099321846	0.121949080938033
373.328885805069	0.117074784383121
373.338672333184	0.11364723324884
373.34845890492	0.115337095668532
373.358245519006	0.112359908811198
373.36803217417	0.109059894463309
373.377818869143	0.110100116377318
373.387605602654	0.106608796849841
373.397392373432	0.109968594066351
373.407179180205	0.112276212795128
373.416966021704	0.113842523953003
373.426752896657	0.114643614392526
373.436539803794	0.119378417587323
373.446326741844	0.125332791301991
373.456113709536	0.122020820380378
373.465900705599	0.127273741769892
373.475687728763	0.130019768201891
373.485474777757	0.135926315621662
373.495261851309	0.137939005531908
373.50504894815	0.139186474723803
373.514836067009	0.140517639931768
373.524623206614	0.143403159723883
373.534410365694	0.144762223603871
373.54419754298	0.141920544582078
373.5539847372	0.146328534761745
373.563771947084	0.146619478055702
373.573559171361	0.144395555342994
373.583346408759	0.145766575796706
373.593133658009	0.152151386165447
373.602920917839	0.144873818291964
373.612708186979	0.138357485612256
373.622495464157	0.135021601543195
373.632282748104	0.13252267763483
373.642070037548	0.132255647488322
373.651857331218	0.128102730881439
373.661644627844	0.122132415068471
373.671431926155	0.123236405375676
373.681219224881	0.126823377492946
373.691006522749	0.12043458159963
373.700793818491	0.123834234061887
373.710581110834	0.126301273773654
373.720368398508	0.126165765938113
373.730155680242	0.129099112025125
373.739942954766	0.136846971798428
373.749730220808	0.137568351746457
373.759517477099	0.154678208745835
373.769304722366	0.151007540612495
373.779091955341	0.155108645399908
373.78887917475	0.162378242224242
373.798666379324	0.164096003315956
373.808453567793	0.162569547403829
373.818240738884	0.159094169974652
373.828027891328	0.163470275957722
373.837815023854	0.170165957243292
373.84760213519	0.162697084190221
373.857389224067	0.164311221642993
373.867176289213	0.170660162290561
373.876963329358	0.16317534713919
373.88675034323	0.164052162545634
373.896537329559	0.167268480877453
373.906324287075	0.156850319639071
373.916111214506	0.157029668244934
373.925898110581	0.150744495990562
373.935684974031	0.144112583098187
373.945471803583	0.141681413107593
373.955258597968	0.145471646978175
373.965045355914	0.14126691855182
373.974832076151	0.144941572209734
373.984618757408	0.149632534634209
373.994405398414	0.150441596122882
374.004191997899	0.1505492052864
374.013978554591	0.153135810735409
374.02376506722	0.157452133849857
374.033551534516	0.171098569993783
374.043337955206	0.168213050201668
374.053124328021	0.173681189918217
374.062910651689	0.1778500486234
374.072696924941	0.181994994181134
374.082483146505	0.182772171473209
374.09226931511	0.185613850495002
374.102055429485	0.193010984105728
374.111841488361	0.189750825003587
374.121627490465	0.193788161397803
374.131413434528	0.196243244535846
374.141199319278	0.194820412262662
374.150985143445	0.189507708004528
374.160770905758	0.187857700830583
374.170556604946	0.184063481435427
374.180342239738	0.186685956605608
374.190127808864	0.183935944649035
374.199913311052	0.17191958805618
374.209698745033	0.169675737720599
374.219484109535	0.174466338259442
374.229269403287	0.180117812106429
374.239054625019	0.170369218996604
374.248839773459	0.175135906387999
374.258624847338	0.168982256444593
374.268409845384	0.172951838921039
374.278194766327	0.172421764152598
374.287979608896	0.176235911170628
374.297764371819	0.188100817829643
374.307549053827	0.187662410126421
374.317333653648	0.192863519696462
374.327118170011	0.193959538954517
374.336902601647	0.211452006313071
374.346686947283	0.221021250817033
374.35647120565	0.216804565816953
374.366255375477	0.221352049356736
374.376039455492	0.224839383359638
374.385823444425	0.223440464233902
374.395607341005	0.227589395316212
374.405391143962	0.219064358250833
374.415174852024	0.216142968737545
374.424958463921	0.216657101407687
374.434741978382	0.212739330750713
374.444525394136	0.208634240438727
374.454308709913	0.211424107641048
374.464091924442	0.211248744559759
374.473875036451	0.201380585712692
374.483658044671	0.204421540963222
374.49344094783	0.199037097262742
374.503223744657	0.195358458080253
374.513006433882	0.195318602834505
374.522789014235	0.189212779185996
374.532571484443	0.204202337111611
374.542353843237	0.204660672437706
374.552136089346	0.204297989701405
374.561918221499	0.200284566454637
374.571700238424	0.213771581615572
374.581482138852	0.215015065282893
374.591263921512	0.220395523458798
374.601045585132	0.230335421748211
374.610827128442	0.237294147655714
374.620608550172	0.233432174342787
374.63038984905	0.240339088430819
374.640171023805	0.245946721507485
374.649952073168	0.252168125368661
374.659732995866	0.257544598019991
374.66951379063	0.251143845552952
374.679294456188	0.250231160425335
374.689074991271	0.24571556108215
374.698855394605	0.248441659891275
374.708635664923	0.235731822022415
374.718415800951	0.243778596138824
374.728195801421	0.241534745803243
374.73797566506	0.233555725604604
374.747755390598	0.233507899309707
374.757534976764	0.228035774068583
374.767314422288	0.231184338482631
374.777093725899	0.226573086549652
374.786872886325	0.22269118561385
374.796651902297	0.217446235273487
374.806430772543	0.224528512442808
374.816209495793	0.225496994914471
374.825988070775	0.228482152820954
374.83576649622	0.244113380203102
374.845544770856	0.249944202655954
374.855322893412	0.247154335453632
374.865100862618	0.253168492036922
374.874878677203	0.255874663223173
374.884656335895	0.270114942528736
374.894433837426	0.276296491144164
374.904211180523	0.274981268034499
374.913988363915	0.27901461890414
374.923765386333	0.280975496994914
374.933542246505	0.280816076011925
374.94331894316	0.276392143733958
374.953095475028	0.273650102826534
374.962871840838	0.275359892869099
374.972648039319	0.275467502032618
374.9824240692	0.272498286224433
374.992199929211	0.269250083696016
375.00197561808	0.27066494492005
375.011751134538	0.268704066829276
375.021526477312	0.263502957259234
375.031301645133	0.257564525642865
375.04107663673	0.261641717282829
375.050851450832	0.258720327769541
375.060626086167	0.256859087793135
375.070400541466	0.258058730690133
375.080174815458	0.267042103081608
375.089948906871	0.269130517958774
375.099722814435	0.273343217434279
375.10949653688	0.273490681843544
375.119270072933	0.281688905893794
375.129043421325	0.307148436877262
375.138816580786	0.296993320260813
375.148589550043	0.304470164363033
375.158362327826	0.304426323592711
375.168134912865	0.317315510067435
375.177907303889	0.315844851499354
375.187679499626	0.314537599438838
375.197451498807	0.315290863583465
375.20722330016	0.320137261466354
375.216994902415	0.321360817510801
375.2267663043	0.326844899325649
375.236537504545	0.3268369282765
375.24630850188	0.320416248186586
375.256079295033	0.320348494268816
375.265849882734	0.322345242080763
375.275620263712	0.328359398664052
375.285390436695	0.335784430946801
375.295160400415	0.344050408914821
375.304930153598	0.354109872941477
375.314699694976	0.359637795526647
375.324469023276	0.383734277105553
375.334238137229	0.394925630111435
375.344007035563	0.4157619525882
375.353775717008	0.431062381430644
375.363544180292	0.45561321281107
375.373312424146	0.474313294115772
375.383080447298	0.492698518979068
375.392848248477	0.510330479697738
375.402615826413	0.518524718223413
375.412383179836	0.527635627401279
375.422150307473	0.534303410014826
375.431917208055	0.533028042150908
375.44168388031	0.53603711320484
375.451450322968	0.52348669631897
375.461216534759	0.516571811181788
375.47098251441	0.501068120586032
375.480748260652	0.484763339550752
375.490513772214	0.461276643231782
375.500279047825	0.437722192995042
375.510044086214	0.425072137994803
375.51980888611	0.40968004208714
375.529573446243	0.384061090120682
375.539337765341	0.362407735106095
375.549101842135	0.350056594448961
375.558865675353	0.328706139302055
375.568629263724	0.308009310185407
375.578392605978	0.291433513479044
375.588155700844	0.284610295407081
375.597918547051	0.271258788081687
375.607681143329	0.263538826980407
375.617443488406	0.255579734404642
375.627205581012	0.24453186028345
375.636967419875	0.237959730259697
375.646729003726	0.231248106875827
375.656490331294	0.215501299281011
375.666251401307	0.210069029285635
375.676012212495	0.196203389290098
375.685772763587	0.182584851818196
375.695533053313	0.177411640920178
375.705293080401	0.162776794681716
375.71505284358	0.151657181118179
375.724812341581	0.135073413362667
375.734571573132	0.127736062620562
375.744330536962	0.119434214931369
375.754089231801	0.106572927128669
375.763847656378	0.0961587514148612
375.773605809422	0.089016691376919
375.783363689662	0.0858282717171234
375.793121295828	0.0799177387727773
375.802878626648	0.0686666028982735
375.812635680852	0.0722695171138425
375.82239245717	0.0664865209558882
375.83214895433	0.0663470275957722
375.841905171061	0.0702887114001945
375.851661106094	0.0764782310647727
375.861416758156	0.0816155722416184
375.871172125978	0.0846326143447001
375.880927208288	0.0864818977473815
375.890682003816	0.0912286575159022
375.90043651129	0.0979681795717952
375.910190729441	0.100208044382802
375.919944656998	0.102388126325187
375.929698292688	0.104185597908397
375.939451635243	0.098486297766512
375.949204683391	0.0917427901860443
375.958957435861	0.0886460375914678
375.968709891382	0.0862626938957705
375.978462048684	0.0839789883144419
375.988213906496	0.0793119390374161
375.997965463547	0.07613149042677
376.007716718566	0.0673872495097805
376.017467670283	0.0634734643773813
376.027218317427	0.0655100674350758
376.036968658726	0.0599383040795829
376.046718692911	0.056646260780844
376.056468418711	0.0567140146986146
376.066217834854	0.0698861734181453
376.075966940069	0.067363336362332
376.085715733087	0.0707430612017154
376.095464212637	0.0743738740893076
376.105212377446	0.0894511135555662
376.114960226246	0.0936757696047954
376.124707757764	0.0917388046614696
376.134454970731	0.108876560332871
376.144201863875	0.107509525403734
376.153948435926	0.106493216637174
376.163694685612	0.10733017679787
376.173440611664	0.113555566183621
376.183186212809	0.108450109203373
376.192931487779	0.0955130964337526
376.202676435301	0.0884308192644316
376.212421054105	0.0869442185980519
376.22216534292	0.0835047108900473
376.231909300475	0.0783872973360754
376.241652925501	0.0706792928085195
376.251396216724	0.0729191576195259
376.261139172876	0.0701372614663542
376.270881792686	0.06442999027532
376.280624074881	0.0655299950579495
376.290366018193	0.0740311189758796
376.300107621349	0.0737521322556475
376.309848883079	0.0774865687821831
376.319589802113	0.0791724456773
376.329330377179	0.0879007444959906
376.339070607007	0.0923007636265085
376.348810490327	0.101862037081321
376.358550025866	0.10163486218056
376.368289212355	0.109988521689225
376.378028048522	0.117668627544757
376.387766533097	0.106923653291246
376.39750466481	0.111606644666571
376.407242442389	0.110793597653323
376.416979864563	0.107613149042677
376.426716930062	0.101881964704194
376.436453637615	0.103392478518023
376.446189985951	0.0967725221993719
376.4559259738	0.09251199642897
376.46566159989	0.0832097820715163
376.475396862951	0.0789014300062174
376.485131761712	0.0751311237585091
376.494866294903	0.0831659413011941
376.504600461252	0.0740271334513049
376.514334259488	0.0791046917595294
376.524067688342	0.085772474373077
376.533800746542	0.094337366684203
376.543533432817	0.0867050871235672
376.553265745897	0.100295725923446
376.562997684511	0.104902992331851
376.572729247387	0.109613882379199
376.582460433256	0.116373332057965
376.592191240847	0.12534873340029
376.601921668888	0.121530600857685
376.611651716109	0.129904187989223
376.621381381239	0.122403430739554
376.631110663008	0.118641095540995
376.640839560144	0.115086007620323
376.650568071377	0.106688507341336
376.660296195436	0.105002630446219
376.67002393105	0.100331595644619
376.679751276949	0.093775407719164
376.689478231861	0.0952938925821417
376.699204794517	0.0839231909703955
376.708930963644	0.0882793693305913
376.718656737973	0.0882315430356944
376.728382116232	0.0947917164857238
376.738107097151	0.0914638034658122
376.747831679459	0.0947717888628501
376.757555861885	0.103093564174917
376.767279643159	0.106441404817702
376.777003022009	0.115803402043777
376.786725997166	0.115460646930349
376.796448567357	0.127640410030768
376.806170731312	0.137114001944936
376.815892487762	0.130386436462767
376.825613835433	0.135603488131108
376.835334773057	0.13322811548456
376.845055299362	0.1314386149505
376.854775413078	0.123427710555263
376.864495112933	0.121478789038213
376.874214397657	0.121701978414399
376.883933265979	0.112690707350902
376.893651716628	0.104305163645639
376.903369748334	0.0994189105170022
376.913087359825	0.101092830838395
376.922804549831	0.0943413522087777
376.932521317082	0.0978765125065761
376.942237660306	0.0988569515519632
376.951953578232	0.10233232898114
376.961669069591	0.107477641207136
376.97138413311	0.107788512123966
376.98109876752	0.113997959411418
376.990812971549	0.125261051859646
377.000526743926	0.128963604189583
377.010240083382	0.136241172063067
377.019952988645	0.138357485612256
377.029665458444	0.14835716677029
377.039377491509	0.148755719227765
377.049089086568	0.142442648301369
377.058800242352	0.137735743778596
377.068510957589	0.138094440990323
377.078221231008	0.130681365281298
377.087931061339	0.120605959156344
377.09764044731	0.122044733527827
377.107349387652	0.120709582795288
377.117057881093	0.115552313995568
377.126765926363	0.113982017313119
377.136473522191	0.109940695394328
377.146180667305	0.113439985970954
377.155887360436	0.11740159739825
377.165593600312	0.120059942289604
377.175299385662	0.129338243499609
377.185004715217	0.132937172190604
377.194709587705	0.134240438726545
377.204414001855	0.139493360116058
377.214117956396	0.145658966633188
377.223821450058	0.153526392143734
377.23352448157	0.162234763339551
377.243227049662	0.15600140290465
377.252929153061	0.15343871060309
377.262630790499	0.147269118561385
377.272331960703	0.146547738613356
377.282032662403	0.140681046439332
377.291732894328	0.134132829563027
377.301432655208	0.132152023849379
377.311131943772	0.125699459562868
377.320830758748	0.12769222185024
377.330529098867	0.127269756245317
377.340226962857	0.122786041098729
377.349924349448	0.130912525706634
377.359621257368	0.129158894893746
377.369317685348	0.131111801935371
377.379013632115	0.135444067148118
377.388709096401	0.141219092256923
377.398404076932	0.14890318363703
377.40809857244	0.157001769572911
377.417792581653	0.160935482328184
377.4274861033	0.168376456709232
377.437179136111	0.1704329873898
377.446871678815	0.167714859629824
377.45656373014	0.167579351794283
377.466255288817	0.157751048192963
377.475946353574	0.155702488561544
377.485636923141	0.149632534634209
377.495326996246	0.159369171170309
377.50501657162	0.148536515376154
377.514705647991	0.146456071548137
377.524394224089	0.146177084827905
377.534082298642	0.144570918424283
377.543769870381	0.148803545522662
377.553456938033	0.143355333428986
377.563143500329	0.148588327195625
377.572829555998	0.149596664913036
377.582515103768	0.151430006217418
377.592200142369	0.157535829865927
377.601884670531	0.163793103448276
377.611568686982	0.175159819535447
377.621252190452	0.178121064294482
377.63093517967	0.17449025140689
377.640617653365	0.180321073859741
377.650299610267	0.179810926714174
377.659981049104	0.174223221260382
377.669661968606	0.164283322970969
377.679342367502	0.158093803306391
377.689022244521	0.158811197729845
377.698701598392	0.159763738103209
377.708380427846	0.154722049516157
377.71805873161	0.151155005021761
377.727736508414	0.159743810480335
377.737413756988	0.154853571827124
377.74709047606	0.15670684075438
377.75676666436	0.16443477290481
377.766442320617	0.168711240773511
377.77611744356	0.178778675849315
377.785792031919	0.184876528448674
377.795466084423	0.18315079630781
377.8051395998	0.194214612527301
377.81481257678	0.202197618250514
377.824485014093	0.198040716119056
377.834156910467	0.195123312130343
377.843828264632	0.198216079200344
377.853499075317	0.192891418368486
377.863169341251	0.185821097772889
377.872839061164	0.182325792720838
377.882508233784	0.180843177579033
377.892176857841	0.182226154606469
377.901844932065	0.17324676773957
377.911512455183	0.175554386468347
377.921179425926	0.18019353707335
377.930845843023	0.18003411609036
377.940511705202	0.188881980646293
377.950177011194	0.187004798571588
377.959841759728	0.189001546383535
377.969505949532	0.200240725684315
377.979169579335	0.19999362316068
377.988832647868	0.208016484129641
377.998495153859	0.206071548137166
378.008157096038	0.207976628883894
378.017818473133	0.200089275750474
378.027479283874	0.197984918775009
378.03713952699	0.197953034578411
378.046799201211	0.196318969502766
378.056458305265	0.190898656081113
378.066116837882	0.18151274570759
378.075774797791	0.184844644252076
378.085432183721	0.186151896312593
378.095088994402	0.193537073349594
378.104745228563	0.191432716374129
378.114400884932	0.199985652111531
378.124055962239	0.204728426355477
378.133710459214	0.208092209096561
378.143364374586	0.21427375771199
378.153017707083	0.221423788799082
378.162670455435	0.234376743667001
378.172322618371	0.221539369011749
378.181974194621	0.224632136081751
378.191625182913	0.2211368310297
378.201275581978	0.219207837135524
378.210925390543	0.219088271398281
378.220574607339	0.2168444210627
378.230223231094	0.215019050807467
378.239871260538	0.223308941922936
378.2495186944	0.209148373108869
378.259165531409	0.206541840036986
378.268811770295	0.212376648014412
378.278457409786	0.214385352400083
378.288102448612	0.221292266488115
378.297746885502	0.21645782517895
378.307390719185	0.230630350566742
378.317033948391	0.22721874153076
378.326676571849	0.235217689352273
378.336318588287	0.232830360132001
378.345959996436	0.246660130406364
378.355600795024	0.237174581918472
378.365240982781	0.234037974078148
378.374880558435	0.230399190141406
378.384519520717	0.235472762925056
378.394157868355	0.228741211918313
378.403795600078	0.224935035949432
378.413432714616	0.22542126994755
378.423069210698	0.227545554545889
378.432705087053	0.231630717235002
378.44234034241	0.231762239545969
378.451974975499	0.22807562931433
378.461608985049	0.238924227206785
378.471242369788	0.250553987915889
378.480875128447	0.244049611809906
378.490507259755	0.252219937188133
378.50013876244	0.260031565354632
378.509769635232	0.258768154064438
378.51939987686	0.259788448355573
378.529029486053	0.262187734149569
378.538658461541	0.25709821926762
378.548286802053	0.260904395236501
378.557914506317	0.258078658313007
378.567541573064	0.255260892438663
378.577168001022	0.25194892151705
378.586793788921	0.254930093898959
378.59641893549	0.252136241172063
378.606043439458	0.252136241172063
378.615667299554	0.254985891243005
378.625290514508	0.266217099494635
378.634913083048	0.265862387807483
378.644535003905	0.265463835350009
378.654156275806	0.271099367098698
378.663776897482	0.269493200695075
378.673396867662	0.272402633634639
378.683016185074	0.26958088223572
378.692634848449	0.274279815709344
378.702252856514	0.269772187415308
378.711870208001	0.268213847306582
378.721486901637	0.261856935609865
378.731102936151	0.2671536977697
378.740718310274	0.264399700288552
378.750333022735	0.268520732698838
378.759947072262	0.271334513048607
378.769560457584	0.273522566040142
378.779173177432	0.275874025539242
378.788785230534	0.282318618776603
378.79839661562	0.295618314282526
378.808007331418	0.291533151593413
378.817617376658	0.304645527444322
378.827226750069	0.299261083743842
378.836835450381	0.299073764088829
378.846443476322	0.293071564079264
378.856050826622	0.290508871777703
378.865657500009	0.282274778006281
378.875263495214	0.287089291692573
378.884868810966	0.289225532864636
378.894473445993	0.290935322907201
378.904077399025	0.291150541234237
378.913680668791	0.299811086135157
378.923283254021	0.298918328630414
378.932885153443	0.307459307794092
378.942486365786	0.309372359589969
378.952086889781	0.309655331834776
378.961686724156	0.315235066239418
378.97128586764	0.312349546447303
378.980884318963	0.305574154670238
378.990482076854	0.304896615492531
379.000079140042	0.305167631163614
379.009675507256	0.300747684410222
379.019271177226	0.304936470738279
379.02886614868	0.300743698885647
379.038460420348	0.315613691074019
379.04805399096	0.324852137038277
379.057646859244	0.324302134646962
379.067239023929	0.326514100785945
379.076830483745	0.332560141565833
379.086421237421	0.335609067865512
379.096011283687	0.327398887241539
379.105600621271	0.327032218980662
379.115189248903	0.330093101854066
379.124777165311	0.334672469590448
379.134364369226	0.338032266806957
379.143950859376	0.32535829865927
379.153536634491	0.336115229486505
379.1631216933	0.338677921788066
379.172706034531	0.337936614217163
379.182289656915	0.346286288201253
379.19187255918	0.354695745053964
379.201454740056	0.354105887416902
379.211036198271	0.352934143191927
379.220616932556	0.351626891131411
379.23019694164	0.349817462974477
379.23977622425	0.350566741594529
379.249354779118	0.351646818754284
379.258932604971	0.348099701882762
379.26850970054	0.35780046869769
379.278086064553	0.349697897237234
379.28766169574	0.356640681046439
379.297236592829	0.361347585569213
379.306810754551	0.363714987166611
379.316384179634	0.372116472970172
379.325956866807	0.366488912270633
379.335528814801	0.362607011334832
379.345100022343	0.363404116249781
379.354670488163	0.363587450380219
379.364240210991	0.366596521434151
379.373809189555	0.366249780796148
379.383377422586	0.375117572974955
379.392944908811	0.374723006042055
379.40251164696	0.384021234874934
379.412077635763	0.38292521561688
379.421642873949	0.39289699810289
379.431207360247	0.394837948570791
379.440771093386	0.392127791859965
379.450334072095	0.390063290130247
379.459896295104	0.389565099558404
379.469457761141	0.395567299567969
379.479018468937	0.389477418017759
379.48857841722	0.403705740749597
379.498137604719	0.404407193074753
379.507696030164	0.408954676614536
379.517253692284	0.412501793486059
379.526810589808	0.411959762143894
379.536366721465	0.411278237441612
379.545922085985	0.423306550608191
379.555476682097	0.409225692285619
379.56503050853	0.406938001179715
379.574583564012	0.40912605417125
379.584135847275	0.415769923637349
379.593687357046	0.421305817271669
379.603238092055	0.419042039313214
379.612788051031	0.425936996827522
379.622337232703	0.433489565896663
379.631885635801	0.427662728968387
379.641433259053	0.425287356321839
379.65098010119	0.427997513032665
379.66052616094	0.430564190858801
379.670071437032	0.428033382753838
379.679615928196	0.425351124715035
379.68915963316	0.432927606931624
379.698702550655	0.437925454748354
379.708244679409	0.43892980694119
379.717786018152	0.446346868174789
379.727326565612	0.438447558467646
379.736866320519	0.441564238685096
379.746405281602	0.44517113842524
379.755943447591	0.440225102427982
379.765480817214	0.450328407224959
379.775017389201	0.454481323831843
379.784553162281	0.455230602451895
379.794088135184	0.459008879748753
379.803622306638	0.461053453855596
379.813155675372	0.465258182281952
379.822688240117	0.470778133817973
379.832219999601	0.45600777974397
379.841750952553	0.461898385065442
379.851281097702	0.462277009900043
379.860810433779	0.468075948156296
379.870338959511	0.46598753327913
379.879866673629	0.470845887735744
379.889393574861	0.471168715226298
379.898919661936	0.468653849219634
379.908444933585	0.473974524526918
379.917969388536	0.479207518293558
379.927493025518	0.474524526918233
379.937015843261	0.478916574999602
379.946537840493	0.485269501171744
379.956059015944	0.487457554163279
379.965579368344	0.493746711942226
379.975098896421	0.491973153506464
379.984617598905	0.492144531063179
379.994135474524	0.492048878473385
380.003652522009	0.49282605576546
380.013168740088	0.494173163071724
380.02268412749	0.502076458303442
380.032198682945	0.497477162944187
380.041712405182	0.516197171871762
380.051225292931	0.509262359111706
380.060737344919	0.514933760581568
380.070248559878	0.520142841200759
380.079758936535	0.52161349976884
380.08926847362	0.514814194844325
380.098777169863	0.52137835381893
380.108285023991	0.528221499513766
380.117792034736	0.525463516508043
380.127298200826	0.525989605751909
380.13680352099	0.533896886508202
380.146307993957	0.537157045610343
380.155811618456	0.539731694485628
380.165314393218	0.544394758238079
380.17481631697	0.548727023450827
380.184317388443	0.558571269150446
380.193817606365	0.568144499178982
380.203316969466	0.575302501315223
380.212815476475	0.590292059240837
380.222313126121	0.609410620625887
380.231809917134	0.618884212540055
380.241305848242	0.623547276292506
380.250800918174	0.640876337143495
380.260295125661	0.657595612734548
380.269788469431	0.671026830551437
380.279280948213	0.694150844134105
380.288772560737	0.716864348685574
380.298263305732	0.750936598275065
380.307753181927	0.785889648795575
380.317242188051	0.819846318172398
380.326730322834	0.852706968291167
380.336217585005	0.889616911377876
380.345703973292	0.926395332153618
380.355189486426	0.948518979068025
380.364674123135	0.975600618553414
380.374157882149	0.983966234635803
380.383640762196	0.994551787906324
380.393122762007	1
380.40260388031	0.996428969981029
380.412084115835	0.987652844867441
380.42156346731	0.981790138217992
380.431041933465	0.946059910405408
380.440519513029	0.923450029492882
380.449996204732	0.893757871411035
380.459472007302	0.85967366524782
380.468946919469	0.822644156423868
380.478420939963	0.794271206976262
380.487894067511	0.754352192835621
380.497366300844	0.720925598227239
380.506837638691	0.6887703859582
380.51630807978	0.657826773159883
380.525777622842	0.618390007492786
380.535246266605	0.58424601846095
380.544714009798	0.548563616943262
380.554180851152	0.51832942751925
380.563646789394	0.485405009007286
380.573111823255	0.455278428746792
380.582575951463	0.421261976501347
380.592039172748	0.387472699156663
380.601501485838	0.376548376297288
380.610962889464	0.339307634670875
380.620423382354	0.310699539273359
380.629882963238	0.288886763275782
380.639341630844	0.267528337079726
380.648799383903	0.244842731200281
380.658256221142	0.211707079885855
380.667712141293	0.197163900712612
380.677167143082	0.187064581440209
380.686621225241	0.168874647281075
380.696074386497	0.142502431169991
380.705526625581	0.132128110701931
380.714977941222	0.123766480144117
380.724428332148	0.10710300189711
380.733877797089	0.0938391761123599
380.743326334775	0.0878011063816219
380.752773943933	0.080328247803976
380.762220623295	0.0720024869673346
380.771666371588	0.0663231144483237
380.781111187542	0.0592527938527269
380.790555069887	0.057128509254388
380.799998017351	0.0512020342117429
380.809440028664	0.0459849825434024
380.818881102554	0.0425614169336968
380.828321237752	0.0392773446841073
380.837760432986	0.0338211615412821
380.847198686986	0.0344708020469654
380.856635998481	0.0295925199674781
380.866072366199	0.0299751303266536
380.875507788871	0.0250131522310967
380.884942265225	0.0282772968578124
380.894375793992	0.0301425223587929
380.903808373898	0.0251885153123854
380.913240003676	0.0328566645941939
380.922670682052	0.0508433370000159
380.932100407757	0.0310870916830073
380.94152917952	0.0352200806670174
380.950956996069	0.0321512267444641
380.960383856135	0.0326494173163072
380.969809758447	0.0344588454732412
380.979234701733	0.0376034243627146
380.988658684723	0.035335660879685
380.998081706146	0.0341439890318364
381.007503764731	0.0380577741642355
381.016924859208	0.0275718590080826
381.026344988306	0.0342635547690787
381.035764150753	0.0292378082803259
381.04518234528	0.0277272944664977
381.054599570616	0.0276993957944745
381.064015825488	0.0237497409409026
381.073431108628	0.0275758445326574
381.082845418764	0.0218805299153475
381.092258754625	0.0257425032282749
381.101671114941	0.0216254563425638
381.11108249844	0.0220000956525898
381.120492903852	0.022231256077925
381.129902329907	0.0185725445183095
381.139310775333	0.018907328582588
381.148718238859	0.0175681923254739
381.158124719215	0.0220718350949352
381.167530215131	0.0241522789229518
381.176934725334	0.0270816394853891
381.186338248555	0.0245707590033
381.195740783523	0.0258222137197698
381.205142328967	0.0273367130581727
381.214542883615	0.0246145997736222
381.223942446199	0.0349131952747621
381.233341015445	0.0253319941970762
381.242738590085	0.029656288360674
381.252135168846	0.0281099048256731
381.261530750459	0.0249573548870502
381.270925333652	0.0233193042868302
381.280318917156	0.0290863583464856
381.289711499697	0.0214939340315972
381.299103080007	0.0235584357613149
381.308493656815	0.0232435793199101
381.317883228848	0.0246903247405423
381.327271794838	0.0226577072074226
381.336659353512	0.0216573405391618
381.346045903601	0.0223468362905926
381.355431443833	0.0237258277934542
381.364815972938	0.0249374272641765
381.374199489645	0.0191225469096242
381.383581992683	0.022402633634639
381.392963480781	0.0211790775901924
381.402343952669	0.0213823393435044
381.411723407075	0.0228808965836083
381.421101842729	0.0233033621885312
381.430479258361	0.0259258373587132
381.439855652699	0.0228410413378609
381.449231024472	0.0222591547499482
381.458605372411	0.0258740255392415
381.467978695243	0.0300110000478263
381.477350991699	0.0328646356433434
381.486722260507	0.0290943293956351
381.496092500397	0.0303019433417826
381.505461710098	0.0347617453409218
381.514829888339	0.0386755304733209
381.524197033849	0.0404769875811054
381.533563145358	0.0344508744240917
381.542928221595	0.0419476461491862
381.552292261289	0.0326534028408819
381.561655263169	0.0300787539655969
381.571017225964	0.033151593412725
381.580378148405	0.0345744256859088
381.589738029219	0.0307004957992571
381.599096867136	0.0274243945988171
381.608454660886	0.0288631689702999
381.617811409197	0.0255711256715609
381.627167110799	0.026176925406922
381.636521764421	0.0229685781242527
381.645875368792	0.0257504742774244
381.655227922642	0.0282653402840882
381.664579424699	0.0235504647121654
381.673929873693	0.0265396081432238
381.683279268353	0.0226178519616752
381.692627607409	0.024228003889872
381.701974889589	0.0272051907472061
381.711321113623	0.0278986720232117
381.72066627824	0.0248218470515089
381.730010382169	0.0272968578124253
381.739353424139	0.0254515599343186
381.74869540288	0.0237776396129258
381.758036317121	0.0310831061584326
381.767376165591	0.0268823632566518
381.77671494702	0.0315613691074019
381.786052660136	0.0283370797264336
381.795389303668	0.029142155690532
381.804724876347	0.0329044908890908
381.8140593769	0.0341958008513081
381.823392804058	0.0298396224911123
381.83272515655	0.0274243945988171
381.842056433105	0.0377827729685781
381.851386632451	0.0320715162529692
381.860715753319	0.0301146236867696
381.870043794437	0.0327849251518485
381.879370754535	0.0391139381765428
381.888696632342	0.036443636711464
381.898021426587	0.0294888963285347
381.907345136	0.0306048432094632
381.916667759309	0.03385304573788
381.925989295244	0.034040365392893
381.935309742533	0.0301624499816666
381.944629099908	0.0334385511821066
381.953947366095	0.0302780301943342
381.963264539825	0.0344110191783442
381.972580619827	0.0281099048256731
381.98189560483	0.0304494077510482
381.991209493564	0.0323146332520286
382.000522284757	0.0317287611395412
382.009833977139	0.0332791301991168
382.019144569439	0.0310073811915124
382.028454060386	0.0395284327323162
382.037762448709	0.0327012291357789
382.047069733138	0.0390182855867489
382.056375912402	0.0403414797455641
382.06568098523	0.0459092575764822
382.074984950352	0.0385679213098028
382.084287806496	0.0487907918440225
382.093589552392	0.0430635930301146
382.102890186768	0.0417403988712994
382.112189708355	0.0395563314043394
382.121488115881	0.0407201045801648
382.130785408076	0.0375635691169672
382.140081583669	0.0420831539847275
382.149376641388	0.0385240805394806
382.158670579965	0.0353994292728809
382.167963398126	0.0330599263475059
382.177255094602	0.0359813158607936
382.186545668122	0.0339407272785244
382.195835117416	0.0266312752084429
382.205123441212	0.0286041098729415
382.214410638239	0.0289189663143463
382.223696707227	0.0297798396224911
382.232981646905	0.0264359845042804
382.242265456002	0.0267070001753631
382.251548133248	0.0272251183700799
382.260829677372	0.0312146284693991
382.270110087102	0.0282733113332377
382.279389361169	0.0301903486536898
382.288667498301	0.0295925199674781
382.297944497227	0.0364874774817862
382.307220356678	0.0358378369761028
382.316495075381	0.0363479841216701
382.325768652066	0.0404769875811054
382.335041085463	0.0474476700623336
382.344312374301	0.0411744543816857
382.353582517309	0.049360721858211
382.362851513215	0.0442313517305148
382.37211936075	0.0403773494667368
382.381386058642	0.0401940153362986
382.390651605622	0.0401182903693784
382.399916000417	0.0452636025953736
382.409179241757	0.0438606979450635
382.418441328372	0.0407240901047396
382.427702258991	0.0392932867824063
382.436962032342	0.0387592264893905
382.446220647155	0.037722990099957
382.45547810216	0.0320356465317965
382.464734396085	0.031856297925933
382.47398952766	0.0356305896982161
382.483243495614	0.0305410748162673
382.492496298676	0.0312106429448244
382.501747935576	0.0282573692349387
382.510998405042	0.0315573835828272
382.520247705803	0.0321312991215904
382.52949583659	0.0396599550432828
382.538742796132	0.0364755209080619
382.547988583156	0.0375157428220702
382.557233196394	0.0376990769525085
382.566476634573	0.0435817112248314
382.575718896423	0.0389226329969551
382.584959980674	0.0494045626285331
382.594199886054	0.0510545698024774
382.603438611294	0.0525331994197076
382.612676155121	0.0526806638289732
382.621912516265	0.0517520366030577
382.631147693456	0.0479538316833262
382.640381685423	0.0474197713903104
382.649614490894	0.0461882442967143
382.6588461086	0.0466545506719594
382.668076537269	0.0444904108278732
382.67730577563	0.0396001721746616
382.686533822414	0.0388389369808854
382.695760676348	0.0445541792210691
382.704986336162	0.0404690165319559
382.714210800586	0.0348294992586924
382.723434068349	0.0359175474675977
382.732656138179	0.0418161238382196
382.741877008807	0.0366548695139254
382.75109667896	0.0375237138712197
382.76031514737	0.0352718924864891
382.769532412764	0.0352041385687184
382.778748473872	0.0387193712436431
382.787963329423	0.0412382227748816
382.797176978147	0.040748003252188
382.806389418772	0.0437491032569707
382.815600650028	0.0455306327418815
382.824810670644	0.0436454796180273
382.83401947935	0.0427567076378593
382.843227074874	0.0508951488194876
382.852433455945	0.0462759258373587
382.861638621294	0.0440041768297543
382.870842569649	0.0467023769668564
382.880045299739	0.0455306327418815
382.889246810293	0.0437092480112232
382.898447100042	0.0433465652749215
382.907646167714	0.0439523650102826
382.916844012037	0.0481690500103623
382.926040631743	0.0403454652701388
382.935236025559	0.0448690356624739
382.944430192215	0.0407161190555901
382.95362313044	0.0406124954166467
382.962814838963	0.0403773494667368
382.972005316514	0.0410668452181676
382.981194561822	0.0364675498589124
382.990382573615	0.0354352989940536
382.999569350624	0.0366030576944537
383.008754891578	0.0315773112057009
383.017939195205	0.0341240614089626
383.027122260235	0.036615014268178
383.036304085397	0.0377748019194286
383.04548466942	0.0309276707000175
383.054664011034	0.032027675482647
383.063842108968	0.0397277089610534
383.073018961951	0.0426969247692381
383.082194568711	0.0408277137436829
383.09136892798	0.0454349801520876
383.100542038485	0.0563672740606119
383.109713898956	0.0528719690085609
383.118884508121	0.058455688937778
383.128053864712	0.0590694597222886
383.137221967455	0.065709343663813
383.146388815082	0.0642028153745596
383.15555440632	0.0591770688858068
383.1647187399	0.061341208729893
383.173881814549	0.0641350614567889
383.183043628999	0.0649122387488641
383.192204181977	0.0566861160265914
383.201363472214	0.0548487891976342
383.210521498437	0.0516125432429416
383.219678259378	0.0528759545331356
383.228833753763	0.0454389656766624
383.237987980324	0.0394447367162466
383.247140937789	0.0482965867967542
383.256292624888	0.0517839207996557
383.265443040348	0.0386914725716199
383.274592182901	0.0374081336585521
383.283740051275	0.0357541409600332
383.292886644199	0.0410748162673171
383.302031960402	0.0387950962105632
383.311175998614	0.0354074003220304
383.320318757564	0.0395284327323162
383.329460235981	0.0343552218342978
383.338600432595	0.0445063529261721
383.347739346134	0.0425016340650756
383.356876975328	0.0515647169480447
383.366013318905	0.0486752116313549
383.375148375596	0.0542708881342962
383.38428214413	0.0466625217211089
383.393414623235	0.0556339375388589
383.402545811641	0.0527005914518469
383.411675708077	0.0488585457617932
383.420804311272	0.0483603551899501
383.429931619956	0.0505085529357374
383.439057632857	0.0450244711208889
383.448182348706	0.0431552600953337
383.457305766231	0.0471567267683772
383.466427884161	0.0430038101614935
383.475548701226	0.0421070671321759
383.484668216154	0.0365711734978558
383.493786427676	0.0400983627465047
383.50290333452	0.0402537982049197
383.512018935415	0.0385041529166069
383.521133229092	0.0407559743013375
383.530246214278	0.0380697307379597
383.539357889703	0.0439722926331564
383.548468254097	0.0530832018110224
383.557577306188	0.0461762877229901
383.566685044706	0.0422864157380394
383.57579146838	0.0541234237250307
383.58489657594	0.0557295901286527
383.594000366114	0.0572401039424809
383.603102837631	0.0676582651808631
383.612203989222	0.06466513622523
383.621303819614	0.0665941301194063
383.630402327538	0.0624093293159246
383.639499511723	0.0674510179029764
383.648595370897	0.0697705932054777
383.65768990379	0.0635491893443015
383.666783109132	0.0588422848215282
383.675874985651	0.0553031389991551
383.684965532076	0.0534379134981746
383.694054747138	0.0522661692731997
383.703142629565	0.0487270234508266
383.712229178086	0.0486154287627338
383.72131439143	0.0474118003411609
383.730398268327	0.0407599598259123
383.739480807507	0.0405487270234508
383.748562007697	0.0450643263666364
383.757641867628	0.0449288185310951
383.766720386029	0.0434462033892901
383.775797561628	0.0382809635404212
383.784873393155	0.043151274570759
383.79394787934	0.0438606979450635
383.803021018911	0.0397396655347777
383.812092810598	0.0432230140131044
383.82116325313	0.0430356943580914
383.830232345236	0.0569491606485246
383.839300085646	0.0521386324868079
383.848366473088	0.0520509509461635
383.857431506292	0.0517679787013567
383.866495183987	0.0538045817590511
383.875557504902	0.0539719737911904
383.884618467767	0.0551676311636137
383.893678071311	0.0528042150907902
383.902736314262	0.0593843161636935
383.911793195351	0.0572640170899294
383.920848713306	0.053916176447144
383.929902866856	0.054960383885727
383.938955654731	0.0588542413952524
383.948007075661	0.0583839494954326
383.957057128373	0.049735361168237
383.966105811598	0.0484639788288935
383.975153124065	0.0495799257098219
383.984199064503	0.0563872016834856
383.99324363164	0.0503252188052991
384.002286824207	0.0434581599630143
384.011328640933	0.0443349753694581
384.020369080546	0.0470331755065602
384.029408141777	0.0410030768249717
384.038445823353	0.0476150620944729
384.047482124006	0.0507118146890494
384.056517042462	0.0531549412533678
384.065550577453	0.0570169145662952
384.074582727706	0.0627799831013758
384.083613491952	0.061560412581504
384.09264286892	0.0675626125910692
384.101670857338	0.0671441325107211
384.110697455936	0.0732101009134822
384.119722663444	0.0665423182999346
384.12874647859	0.0723651697036364
384.137768900103	0.0725644459323736
384.146789926713	0.0623455609227287
384.15580955715	0.0646611507006552
384.164827790141	0.0648883256014156
384.173844624418	0.0607433800436813
384.182860058707	0.0555303138999155
384.19187409174	0.0573516986305738
384.200886722245	0.0574593077940919
384.209897948952	0.0501498557240104
384.218907770588	0.0483523841408006
384.227916185885	0.0531150860076203
384.236923193571	0.0530832018110224
384.245928792375	0.0464712165415212
384.254932981027	0.0504726832145647
384.263935758255	0.0495719546606724
384.272937122789	0.0567618409935116
384.281937073358	0.0489940535973345
384.290935608692	0.0554506034084206
384.299932727519	0.0669209431345354
384.308928428569	0.0606038866835653
384.317922710571	0.065023833436957
384.326915572255	0.0671521035598705
384.335907012348	0.0674350758046774
384.344897029581	0.0638879589331548
384.353885622684	0.0596473607856266
384.362872790384	0.0584078626428811
384.371858531412	0.0671321759369968
384.380842844496	0.0632981012960926
384.389825728366	0.0577741642354967
384.398807181751	0.0558451703413203
384.40778720338	0.0545259617070799
384.416765791983	0.0571205382052386
384.425742946288	0.0519433417826454
384.434718665025	0.0531788544008162
384.443692946923	0.0540118290369378
384.452665790712	0.0492092719243707
384.46163719512	0.0523578363384189
384.470607158876	0.0525013152231097
384.479575680711	0.054274873658871
384.488542759353	0.0533781306295535
384.497508393531	0.0596553318347761
384.506472581975	0.0577542366126229
384.515435323414	0.0696589985173849
384.524396616576	0.0714365424777209
384.533356460192	0.066817319495592
384.542314852991	0.075709024821847
384.551271793701	0.0811173816697754
384.560227281052	0.0834688411688747
384.569181313774	0.0791604891035758
384.578133890594	0.0855293573740176
384.587085010244	0.0785427327944904
384.59603467145	0.0800731742311923
384.604982872945	0.0811572369155228
384.613929613455	0.0813525276196853
384.622874891711	0.0822532561735776
384.631818706441	0.0774865687821831
384.640761056375	0.0790608509892072
384.649701940243	0.0746409042358155
384.658641356773	0.0754101104787412
384.667579304694	0.0694278380920497
384.676515782736	0.0719068343775408
384.685450789628	0.0652908635834649
384.6943843241	0.0702289285315733
384.70331638488	0.071356831986226
384.712246970697	0.066645941938878
384.721176080281	0.0689814593396783
384.730103712362	0.0682162386213273
384.739029865668	0.073899596664913
384.747954538928	0.0679173242782215
384.756877730872	0.0725046630637524
384.765799440229	0.0735927112726577
384.774719665728	0.0780764264192453
384.783638406099	0.0768608414239482
384.79255566007	0.0797463612160633
384.801471426371	0.089765969996971
384.810385703731	0.0806510752945303
384.81929849088	0.0773829451432397
384.828209786546	0.0804438280166435
384.837119589458	0.090842061632152
384.846027898347	0.0813604986688348
384.85493471194	0.0815797025204457
384.863840028969	0.0840427567076379
384.872743848161	0.0811771645383966
384.881646168245	0.0797782454126612
384.890546987952	0.0726282143255695
384.89944630601	0.0779329475345545
384.908344121148	0.0747843831205063
384.917240432096	0.0816793406348143
384.926135237583	0.0859797216509637
384.935028536338	0.0822572416981523
384.94392032709	0.0820420233711161
384.952810608569	0.0843496420998932
384.961699379504	0.0838913067737976
384.970586638624	0.0861112439619302
384.979472384658	0.0922290241841631
384.988356616336	0.0831619557766193
384.997239332386	0.085553270521466
385.006120531538	0.0828192006631913
385.015000212521	0.0924203293637508
385.023878374064	0.0904355381255281
385.032755014897	0.0859717506018142
385.041630133749	0.0832257241698152
385.050503729349	0.0873108868589284
385.059375800426	0.0901166961595485
385.068246345709	0.0890406045243675
385.077115363929	0.0890605321472412
385.085982853812	0.0918782980215856
385.09484881409	0.0862108820762989
385.103713243492	0.0923007636265085
385.112576140746	0.0903159723882857
385.121437504581	0.0932971447701946
385.130297333728	0.0868724791557065
385.139155626914	0.0881000207247278
385.14801238287	0.0905192341415977
385.156867600325	0.0867329857955904
385.165721278008	0.0953217912541649
385.174573414647	0.0900648843400769
385.183424008973	0.0958558515471806
385.192273059715	0.102324357931991
385.201120565601	0.102702982766592
385.209966525361	0.116249780796148
385.218810937724	0.12565960431712
385.227653801419	0.132251661963748
385.236495115176	0.129465780286001
385.245334877724	0.128126644028887
385.254173087792	0.129553461826646
385.263009744109	0.127632438981619
385.271844845405	0.125799097677236
385.280678390408	0.124280612814259
385.289510377849	0.117266089562708
385.298340806455	0.122152342691345
385.307169674957	0.116197968976677
385.315996982083	0.11342005834808
385.324822726563	0.112607011334832
385.333646907126	0.112347952237473
385.342469522501	0.113204840021044
385.351290571418	0.103169289141837
385.360110052605	0.104384874137134
385.368927964792	0.109087793135332
385.377744306709	0.110287436032331
385.386559077084	0.11021968211456
385.395372274646	0.109530186363129
385.404183898124	0.119629505635532
385.412993946249	0.123818291963588
385.42180241775	0.125926634463628
385.430609311354	0.126050185725445
385.439414625792	0.133307825976055
385.448218359793	0.143801712181357
385.457020512086	0.136910740191624
385.465821081401	0.136504216685
385.474620066465	0.141430325059384
385.48341746601	0.145312225995185
385.492213278763	0.140386117620801
385.501007503455	0.137743714827746
385.509800138814	0.13635276675116
385.51859118357	0.132343329028967
385.527380636451	0.128481355716039
385.536168496188	0.12433242463373
385.544954761509	0.124922282270792
385.553739431143	0.115333110143957
385.56252250382	0.11442839606549
385.571303978269	0.10858163151434
385.580083853219	0.107963875205255
385.588862127399	0.106469303489725
385.597638799539	0.0978924546048751
385.606413868368	0.0960471567267684
385.615187332614	0.0996540564669122
385.623959191008	0.0988888357485612
385.632729442279	0.0954533135651314
385.641498085155	0.102073269883782
385.650265118366	0.0975536850160218
385.659030540641	0.100530871873356
385.667794350709	0.0924561990849236
385.6765565473	0.0933170723930684
385.685317129143	0.0910532944346135
385.694076094967	0.0880322668069571
385.702833443501	0.0865496516651521
385.711589173474	0.0850471089004735
385.720343283616	0.0835644937586685
385.729095772656	0.0780206290751989
385.737846639323	0.0787220814003539
385.746595882346	0.0767412756867059
385.755343500455	0.077753598928691
385.764089492379	0.0769804071611906
385.772833856846	0.0783554131394774
385.781576592587	0.0824405758285906
385.79031769833	0.0847362379836434
385.799057172805	0.0967645511502224
385.80779501474	0.0948714269772187
385.816531222866	0.106134519425447
385.82526579591	0.114846876145838
385.833998732604	0.115624053437913
385.842730031675	0.122829881869052
385.851459691853	0.123555247341655
385.860187711867	0.125803083201811
385.868914090446	0.1158313007158
385.87763882632	0.108179093532291
385.886361918218	0.106405535096529
385.895083364869	0.0993471710746568
385.903803165003	0.102523634160728
385.912521317347	0.0985221674876847
385.921237820632	0.0876815406443796
385.929952673588	0.0883590798220862
385.938665874942	0.0847880498031151
385.947377423425	0.0724408946705565
385.956087317765	0.0708227716932103
385.964795556692	0.0658289094010554
385.973502138935	0.0648962966505652
385.982207063223	0.0621781688905894
385.990910328286	0.0594321424585904
385.999611932852	0.0697905208283514
386.008311875652	0.0656176765985939
386.017010155413	0.0668970299870869
386.025706770866	0.0718071962631722
386.034401720739	0.0786782406300317
386.043095003762	0.0831061584325729
386.051786618664	0.0814920209798014
386.060476564174	0.0826159389098793
386.069164839021	0.0760717075581488
386.077851441935	0.0781521513861654
386.086536371645	0.0770880163247087
386.09521962688	0.0719865448690357
386.10390120637	0.0744814832528257
386.112581108843	0.0748082962679548
386.121259333028	0.0649999202895085
386.129935877656	0.0678097151147034
386.138610741454	0.0712771214947311
386.147283923154	0.0583520652988346
386.155955421482	0.0559607505539879
386.16462523517	0.0558451703413203
386.173293362945	0.0548766878696574
386.181959803538	0.0598027962440416
386.190624555677	0.0636846971798428
386.199287618092	0.0703325521705167
386.207948989512	0.0746448897603903
386.216608668666	0.081543832799273
386.225266654284	0.0860235624212859
386.233922945094	0.0897061871283498
386.242577539826	0.102559503881901
386.251230437208	0.0954732411880052
386.259881635971	0.0941420759800405
386.268531134844	0.086880450204856
