360.624841668672	0.0657384844939189
360.633481536174	0.0563564734802538
360.642123110749	0.0253228420837941
360.650766391125	0.0360681430273624
360.659411376033	0.0610904172525951
360.668058064201	0.0425840248183175
360.676706454359	0.0259025086681624
360.685356545236	0.0112068872977877
360.694008335561	0.107882392090771
360.702661824063	0.0730916624622949
360.711317009471	0.0158442199727342
360.719973890516	0.00925319621713889
360.728632465925	0.0639028736434192
360.737292734429	0.0303466191483196
360.745954694756	0.0221668795688998
360.754618345635	0.0276951812531533
360.763283685797	0.103245059415825
360.771950713969	0.0575909486136307
360.780619428882	0.0204171452494177
360.789289829264	0.0272980022971972
360.797961913845	0.0460083514926415
360.806635681354	0.0469851970329659
360.81531113052	0.0183453739386198
360.823988260073	0.0156402632115676
360.832667068741	0.0272013911998025
360.841347555254	0.0687763667786641
360.850029718341	0.0290906748821881
360.858713556731	0.0361862232575116
360.867399069154	0.052942881372307
360.876086254338	0.0530931653015877
360.884775111013	0.0173041210000323
360.893465637909	0.0287149650589864
360.902157833754	0.0431851605354402
360.910851697277	0.0463840613158432
360.919547227208	0.0120763871743401
360.928244422276	0.0221024721706367
360.936943281211	0.0605322198009812
360.94564380274	0.0676170336099274
360.954345985595	0.0305398413431089
360.963049828503	0.0203312687184002
360.971755330195	0.0427343087475982
360.980462489399	0.0347370567965907
360.989171304844	0.0238414719237417
360.99788177526	0.0153396953530063
361.006593899376	0.0509247828933951
361.015307675921	0.0509355174597722
361.024023103625	0.0117972884485332
361.032740181217	0.0288330452891356
361.041458907425	0.0506349496012109
361.050179280979	0.0274912244919867
361.058901300609	0.0193007503461898
361.067624965043	0.0790708159343904
361.076350273011	0.0362506306557747
361.085077223242	0.0521377888940177
361.093805814465	0.021952188241356
361.102536045409	0.0491428448747813
361.111267914804	0.0262674839249869
361.120001421379	0.0416179138443703
361.128736563863	0.0321607608660649
361.137473340985	0.0386873772233971
361.146211751474	0.08342904988353
361.154951794061	0.077482100110566
361.163693467473	0.0291765514132057
361.17243677044	0.00814753588028817
361.181181701692	0.0424337408890368
361.189928259958	0.0745300943568385
361.198676443966	0.0276522429876446
361.207426252446	0.0357997788679326
361.216177684128	0.0455574997047995
361.224930737739	0.0320534152022929
361.233685412011	0.0278132614833024
361.242441705672	0.050302178043518
361.25119961745	0.0700323110447954
361.259959146076	0.0571723005249203
361.268720290279	0.0333630323003102
361.277483048787	0.034468692637161
361.28624742033	0.0706978541601812
361.295013403638	0.0838476979722404
361.303780997439	0.0267934776774693
361.312550200462	0.0272013911998025
361.321321011438	0.0320319460695386
361.330093429094	0.0361969578238888
361.338867452161	0.015661732344322
361.347643079368	0.0245499533046363
361.356420309443	0.0505920113357021
361.365199141116	0.042047296499458
361.373979573116	0.0383116674001954
361.382761604173	0.0389020685509409
361.391545233015	0.0733922303208563
361.400330458373	0.0797578281825306
361.409117278974	0.0441727406421418
361.417905693549	0.0611655592172354
361.426695700826	0.0828493832991616
361.435487299534	0.0387410500552831
361.444280488404	0.022231286967163
361.453075266164	0.0356387603722748
361.461871631543	0.089719505780564
361.470669583271	0.09263930783516
361.479469120077	0.00823341241130572
361.48827024069	0.0229719720471892
361.497072943839	0.0548858378865786
361.505877228253	0.0579129856049465
361.514683092662	0.0271584529342937
361.523490535795	0.035649494938652
361.532299556382	0.0743690758611806
361.54111015315	0.0555513810019644
361.54992232483	0.038515624161362
361.558736070151	0.0586429361185955
361.567551387842	0.0817651920950654
361.576368276632	0.0774391618450573
361.585186735251	0.0711809096471548
361.594006762427	0.0671661818220854
361.60282835689	0.0707944652575759
361.61165151737	0.0928539991627038
361.620476242594	0.0603282630398145
361.629302531294	0.0898590551434675
361.638130382197	0.0723831810814002
361.646959794033	0.118885322627392
361.655790765531	0.0942924310572475
361.66462329542	0.0809923033159076
361.67345738243	0.12347971703683
361.68229302529	0.130242493854461
361.69113022273	0.103223590283071
361.699968973477	0.101634874459246
361.708809276262	0.110555299118692
361.717651129814	0.0638492008115332
361.726494532861	0.067649237309059
361.735339484134	0.057998862135964
361.744185982361	0.107753577294245
361.753034026272	0.0894940798866431
361.761883614596	0.0730594587631633
361.770734746062	0.0780295629958028
361.779587419399	0.115278508324656
361.788441633336	0.101731485556641
361.797297386603	0.0540163380100262
361.806154677929	0.0504095237072899
361.815013506044	0.137091147203109
361.823873869675	0.0846957287160385
361.832735767554	0.0693238296639007
361.841599198408	0.0556157884002276
361.850464160967	0.0771493285528732
361.85933065396	0.0855330248934594
361.868198676117	0.062153139323937
361.877068226166	0.0518586901682107
361.885939302838	0.079553871421364
361.89481190486	0.0832895005206265
361.903686030963	0.0471784192277553
361.912561679875	0.0501840978133688
361.921438850327	0.0593621520658673
361.930317541046	0.0996060414139571
361.939197750762	0.0457829255987204
361.948079478205	0.0418004014727826
361.956962722103	0.0878302220981784
361.965847481187	0.0695492555578218
361.974733754184	0.0383009328338182
361.983621539825	0.0364116491514326
361.992510836838	0.0852431916012753
362.001401643953	0.0522558691241667
362.010293959899	0.0561095784535784
362.019187783406	0.0636130403512351
362.028083113201	0.0956020481552648
362.036979948016	0.0554547699045697
362.045878286578	0.0429597346415192
362.054778127617	0.0191719355496635
362.063679469862	0.0694097061949183
362.072582312043	0.103320201380465
362.081486652889	0.0278669343151884
362.090392491129	0.0631836576961474
362.099299825491	0.0561417821527099
362.108208654707	0.0698176197172516
362.117118977503	0.0603926704380777
362.126030792611	0.0467490365726676
362.134944098759	0.0308511437680475
362.143858894676	0.0575694794808764
362.152775179091	0.0292838970769776
362.161692950734	0.0214369290552509
362.170612208334	0.0805199823953112
362.17953295062	0.0544779243642453
362.188455176322	0.0404156424101248
362.197378884168	0.0285968848288374
362.206304072888	0.0874223085758451
362.21523074121	0.0751419646403383
362.224158887866	0.0320319460695386
362.233088511582	0.0191289972841548
362.242019611089	0.0590723187736832
362.250952185117	0.100529214122396
362.259886232393	0.0314844831843018
362.268821751647	0.0121729982717349
362.277758741609	0.0454716231737819
362.286697201008	0.0866172160975558
362.295637128573	0.0485095054585271
362.304578523033	0.0386551735242655
362.313521383118	0.0389879450819585
362.322465707556	0.097351782474747
362.331411495077	0.0413066114194317
362.34035874441	0.0324935324237578
362.349307454284	0.0594050903313761
362.358257623429	0.132400141696276
362.367209250574	0.0212866451259702
362.376162334448	0.0095000912438142
362.385116873779	0.054177356505684
362.394072867299	0.050978455725281
362.403030313734	0.022564058524856
362.411989211816	0.0180662752128128
362.420949560273	0.0721362860547248
362.429911357834	0.0761617484461715
362.438874603228	0.0143413806799275
362.447839295185	0.0244640767736188
362.456805432434	0.060414139570832
362.465773013705	0.0350161555223978
362.474742037725	0.0369054392047833
362.483712503225	0.0211685648958211
362.492684408935	0.0652446944405681
362.501657753582	0.0499908756185795
362.510632535896	0.0405659263394056
362.519608754607	0.0326008780875297
362.528586408443	0.0599096149511041
362.537565496135	0.0599847569157444
362.54654601641	0.0158012817072255
362.555527967999	0.0338460877872838
362.56451134963	0.0915765857638181
362.573496160033	0.0452784009789925
362.582482397938	0.0251403544553819
362.591470062072	0.0377749390813359
362.600459151166	0.0667797374325065
362.609449663948	0.0695814592569534
362.618441599149	0.0529643505050614
362.627434955496	0.0261494036948378
362.63642973172	0.0518479556018335
362.645425926549	0.0366800133108624
362.654423538713	0.0448275491911505
362.663422566941	0.0338138840881523
362.672423009962	0.0392348401086338
362.681424866506	0.0366692787444852
362.690428135301	0.0418111360391597
362.699432815078	0.0233906201358997
362.708438904564	0.0560988438872012
362.717446402489	0.0634627564219544
362.726455307583	0.0322466373970824
362.735465618575	0.0553044859752891
362.744477334194	0.0597163927563146
362.753490453168	0.0752600448704875
362.762504974229	0.0387088463561515
362.771520896103	0.0555299118692101
362.780538217522	0.0493897399014567
362.789556937214	0.0649548611483839
362.798577053908	0.0422727223933789
362.807598566333	0.0439687838809752
362.816621473219	0.0841267966980475
362.825645773295	0.100110566033685
362.83467146529	0.0252047618536449
362.843698547934	0.0347263222302135
362.852727019955	0.0486597893878077
362.861756880083	0.0662752128127785
362.870788127047	0.0421761112959843
362.879820759576	0.0520304432302458
362.8888547764	0.0319353349721438
362.897890176247	0.0784482110845133
362.906926957847	0.057150831392166
362.91596511993	0.0289725946520391
362.925004661223	0.100529214122396
362.934045580457	0.0632051268289018
362.943087876361	0.0292838970769776
362.952131547664	0.0417789323400282
362.961176593095	0.0515473877432722
362.970223011384	0.052212930858658
362.979270801259	0.0447846109256417
362.98831996145	0.0481552647680797
362.997370490686	0.112584132163981
363.006422387697	0.0861878334424681
363.015475651211	0.0351879085844327
363.024530279957	0.0276629775540218
363.033586272666	0.0817544575286882
363.042643628066	0.0720504095237074
363.051702344886	0.0539304614790086
363.060762421856	0.0595231705615252
363.069823857705	0.059737861889069
363.078886651162	0.100217911697457
363.087950800956	0.0277059158195305
363.097016305816	0.0431744259690631
363.106083164473	0.0653198364052084
363.115151375654	0.0589649731099112
363.124220938089	0.0428416544113701
363.133291850508	0.0476292710155974
363.142364111639	0.079553871421364
363.151437720212	0.0912652833388796
363.160512674956	0.0362184269566431
363.169588974601	0.0374529020900201
363.178666617875	0.0746267054542333
363.187745603507	0.110007836233455
363.196825930228	0.0350161555223978
363.205907596765	0.0161233186985413
363.214990601849	0.0719645329926898
363.224074944209	0.104479534549202
363.233160622573	0.0406840065695546
363.242247635671	0.0469422587674571
363.251335982233	0.0629797009349808
363.260425660987	0.0691413420354885
363.269516670662	0.0448704874566592
363.278609009989	0.0420687656322123
363.287702677695	0.0824522043432056
363.296797672511	0.049915733653939
363.305893993166	0.0464699378468607
363.314991638388	0.0446235924299839
363.324090606907	0.072930643966637
363.333190897452	0.0640209538735683
363.342292508753	0.0537479738505964
363.351395439539	0.0578378436403062
363.360499688538	0.0879375677619503
363.36960525448	0.0748413967817771
363.378712136095	0.0396642227637215
363.387820332111	0.0418755434374229
363.396929841258	0.0478224932103868
363.406040662265	0.0718464527625407
363.415152793861	0.0669944287600503
363.424266234775	0.0433247098983437
363.433380983737	0.0659746449542171
363.442497039476	0.0979636527582469
363.451614400721	0.0332449520701612
363.460733066201	0.0485417091576587
363.469853034645	0.0727374217718476
363.478974304784	0.0995201648829396
363.488096875345	0.0420687656322123
363.497220745058	0.050248505211632
363.506345912653	0.0747769893835139
363.515472376858	0.0586966089504815
363.524600136403	0.0530394924697017
363.533729190017	0.0466846291744046
363.54285953643	0.12218083450519
363.551991174369	0.0611118863853495
363.561124102566	0.0434964629603788
363.570258319748	0.0719001255944266
363.579393824646	0.0485095054585271
363.588530615988	0.0598344729864638
363.597668692503	0.0499372027866935
363.606808052921	0.0449348948549224
363.615948695971	0.0547140848245436
363.625090620382	0.062035059093788
363.634233824884	0.0491535794411585
363.643378308206	0.0515795914424037
363.652524069076	0.0599096149511041
363.661671106224	0.0986828687055186
363.67081941838	0.0360788775937396
363.679969004272	0.0531253690007193
363.68911986263	0.071921594727181
363.698271992183	0.119733353371191
363.70742539166	0.0489925609455007
363.71658005979	0.0974376590057645
363.725735995304	0.104812306106895
363.734893196928	0.129383728544285
363.744051663394	0.0417574632072737
363.753211393431	0.0611440900844811
363.762372385766	0.0956986592526595
363.771534639131	0.0789742048369957
363.780698152253	0.0477902895112553
363.789862923863	0.0576660905782712
363.799028952689	0.0755820818618032
363.80819623746	0.0882596047532661
363.817364776907	0.0527389246111403
363.826534569757	0.0492501905385532
363.835705614741	0.107045095913351
363.844877910587	0.0571615659585431
363.854051456024	0.02789913801432
363.863226249783	0.0554333007718154
363.872402290592	0.0601135717122707
363.88157957718	0.0906426784890025
363.890758108277	0.0571078931266571
363.899937882611	0.0224781819938384
363.909118898913	0.0475433944845799
363.918301155911	0.0749165387464174
363.927484652334	0.0731990081260668
363.936669386912	0.0516332642742896
363.945855358373	0.0686475519821377
363.955042565448	0.116663267387314
363.964231006865	0.0499049990875619
363.973420681354	0.0496795731936409
363.982611587644	0.0724690576124178
363.991803724463	0.0310228968300825
364.000997090542	0.0759255879858733
364.010191684609	0.0786092295801711
364.019387505393	0.0549717144175961
364.028584551625	0.128900673057312
364.037782822032	0.0403405004454845
364.046982315345	0.06821816932705
364.056183030293	0.0649763302811383
364.065384965604	0.088034178859345
364.074588120008	0.0467705057054221
364.083792492234	0.0605429543673583
364.092998081012	0.0897624440460728
364.10220488507	0.0570327511620168
364.111412903138	0.0564960228431573
364.120622133945	0.028629088527969
364.129832576221	0.0799403158109429
364.139044228693	0.0510535976899213
364.148257090093	0.0518264864690791
364.157471159148	0.0549824489839734
364.166686434589	0.0875725925051258
364.175902915144	0.0856403705572314
364.185120599543	0.0491857831402901
364.194339486514	0.0501518941142373
364.203559574787	0.0847386669815473
364.212780863092	0.0837081486093369
364.222003350157	0.0583960410919201
364.231227034712	0.0468241785373081
364.240451915486	0.0633124724926737
364.249677991207	0.0866601543630645
364.258905260606	0.0474682525199395
364.268133722412	0.0510858013890529
364.277363375354	0.051429307513123
364.28659421816	0.0632265959616561
364.29582624956	0.0844703028221176
364.305059468285	0.0526745172128773
364.314293873061	0.0525993752482368
364.32352946262	0.0947969556769755
364.33276623569	0.061584207305946
364.342004190999	0.0614875962085512
364.351243327279	0.0980602638556415
364.360483643257	0.061702287536095
364.369725137664	0.0718249836297863
364.378967809227	0.0332449520701612
364.388211656677	0.0910398574449585
364.397456678742	0.0801228034393551
364.406702874152	0.026836415942978
364.415950241637	0.0485846474231674
364.425198779924	0.11167169402192
364.434448487744	0.0779651555975397
364.443699363826	0.0305505759094862
364.452951406899	0.0419292162693088
364.462204615692	0.0720396749573301
364.471458988934	0.0613373122792705
364.480714525355	0.0377642045149586
364.489971223684	0.0418326051719142
364.499229082649	0.0756035509945576
364.508488100981	0.0899127279753535
364.517748277409	0.0411455929237739
364.527009610661	0.0339426988846786
364.536272099467	0.098586257608124
364.545535742556	0.0600921025795163
364.554800538657	0.0528999431067982
364.564066486501	0.0879160986291959
364.573333584814	0.0600491643140076
364.582601832328	0.0662537436800241
364.591871227771	0.049969406485825
364.601141769873	0.0591689298710779
364.610413457362	0.037560247753792
364.619686288968	0.0900952156037657
364.62896026342	0.0481982030335885
364.638235379448	0.0533829985937718
364.64751163578	0.0318279893083719
364.656789031146	0.0553152205416662
364.666067564275	0.0412314694547914
364.675347233896	0.0496581040608865
364.684628038738	0.0468134439709308
364.693909977531	0.0507852335304916
364.703193049004	0.0405122535075196
364.712477251886	0.0362184269566431
364.721762584906	0.0677780521055853
364.731049046794	0.0837403523084685
364.740336636278	0.0283821935012936
364.749625352089	0.0324398595918719
364.758915192955	0.0494541472997199
364.768206157605	0.084105327565293
364.777498244768	0.0667367991669977
364.786791453175	0.0605000161018496
364.796085781553	0.0634949601210859
364.805381228633	0.0650944105112874
364.814677793143	0.0688622433096815
364.823975473813	0.0622497504213318
364.833274269372	0.0781691123587063
364.842574178549	0.0976630848996855
364.851875200073	0.0560022327898065
364.861177332674	0.0588146891806306
364.870480575081	0.0376783279839411
364.879784926023	0.0493682707687024
364.889090384229	0.0346404456991961
364.898396948429	0.0435608703586419
364.907704617351	0.0440868641111243
364.917013389725	0.0819262105907233
364.92632326428	0.0348229333276083
364.935634239745	0.050302178043518
364.944946314851	0.0711379713816461
364.954259488324	0.0738645512414526
364.963573758896	0.0594158248977533
364.972889125295	0.0345438346018013
364.982205586251	0.0918020116577392
364.991523140492	0.0392885129405198
365.000841786748	0.0306686561396353
365.010161523748	0.0386444389578883
365.019482350221	0.0650622068121559
365.028804264897	0.105606664018807
365.038127266505	0.0239058793220049
365.047451353774	0.0522021962922808
365.056776525433	0.0478869006086499
365.066102780211	0.0625288491471387
365.075430116838	0.0276522429876446
365.084758534042	0.0491750485739129
365.094088030554	0.0493897399014567
365.103418605102	0.0793713837929517
365.112750256416	0.0484021597947551
365.122082983224	0.0623248923859721
365.131416784256	0.0428953272432561
365.140751658241	0.0327404274504331
365.150087603909	0.0385585624268708
365.159424619988	0.0489496226799918
365.168762705209	0.092467554773125
365.178101858299	0.0324291250254946
365.187442077988	0.0418755434374229
365.196783363006	0.046598752643387
365.206125712082	0.0563779426130082
365.215469123944	0.107334929205535
365.224813597323	0.0377212662494499
365.234159130947	0.0484343634938867
365.243505723545	0.0645898858915595
365.252853373848	0.0707085887265585
365.262202080583	0.0645040093605419
365.271551842481	0.0442156789076506
365.28090265827	0.0848782163444508
365.290254526679	0.0397823029938706
365.299607446439	0.0735210451173825
365.308961416278	0.0524705604517106
365.318316434925	0.0639243427761736
365.327672501109	0.0487778696179568
365.33702961356	0.0697102740534797
365.346387771008	0.0486275856886761
365.35574697218	0.0575050720826133
365.365107215807	0.0838369634058632
365.374468500618	0.0633983490236912
365.383830825341	0.0554333007718154
365.393194188707	0.0820228216881179
365.402558589443	0.0883240121515292
365.411924026281	0.0474682525199395
365.421290497948	0.0429597346415192
365.430658003174	0.0466846291744046
365.440026540688	0.112637804995867
365.449396109219	0.0397286301619846
365.458766707497	0.0525886406818597
365.468138334251	0.0920059684189058
365.47751098821	0.0646542932898226
365.486884668104	0.0408557596315897
365.49625937266	0.057601683180008
365.50563510061	0.0442693517395365
365.515011850681	0.0816685809976706
365.524389621604	0.078544822181908
365.533768412107	0.0609401333233145
365.543148220919	0.0576553560118939
365.552529046771	0.0707300578593128
365.56191088839	0.0664899041403223
365.571293744506	0.0382257908691779
365.58067761385	0.0828815869982932
365.590062495148	0.0937234990392563
365.599448387132	0.0452461972798609
365.60883528853	0.0468563822364396
365.618223198071	0.0853934755305559
365.627612114484	0.108322509312236
365.6370020365	0.0416930558090107
365.646392962846	0.0434320555621156
365.655784892253	0.0578056399411746
365.665177823449	0.102697596530588
365.674571755163	0.0383868093648358
365.683966686126	0.0530072887705701
365.693362615066	0.0561847204182188
365.702759540711	0.0742080573655227
365.712157461793	0.0383224019665726
365.721556377039	0.0693238296639007
365.730956285179	0.086520605000161
365.740357184943	0.0597056581899375
365.749759075058	0.0402438893480898
365.759161954256	0.0350698283542837
365.768565821264	0.0647079661217085
365.777970674812	0.0960958382086156
365.78737651363	0.0698283542836287
365.796783336446	0.0696780703543481
365.80619114199	0.0538123812488595
365.815599928991	0.104694225876746
365.825009696178	0.0729199094002598
365.83442044228	0.0588146891806306
365.843832166027	0.0987902143692906
365.853244866148	0.0863381173717488
365.862658541371	0.0522021962922808
365.872073190428	0.0788990628723553
365.881488812045	0.0779222173320309
365.890905404953	0.0879268331955731
365.900322967881	0.0478976351750272
365.909741499558	0.0588898311452709
365.919160998714	0.0571615659585431
365.928581464077	0.0653091018388313
365.938002894377	0.0652017561750594
365.947425288343	0.0591474607383235
365.956848644704	0.0528784739740439
365.96627296219	0.115825971209893
365.975698239529	0.0652876327060769
365.985124475451	0.0539197269126314
365.994551668686	0.0695277864250674
366.003979817961	0.0540807454082892
366.013408922007	0.0678746632029799
366.022838979553	0.0424981482873
366.032269989328	0.0664791695739451
366.041701950061	0.0888285367712571
366.051134860482	0.0682289038934273
366.060568719319	0.0493038633704392
366.070003525302	0.0347907296284767
366.07943927716	0.0671232435565765
366.088875973622	0.0666616572023573
366.098313613418	0.051815751902702
366.107752195277	0.0727481563382248
366.117191717928	0.075453267065277
366.126632180099	0.0663718239101732
366.136073580522	0.056592633940552
366.145515917923	0.0569468746309993
366.154959191034	0.0777289951372415
366.164403398583	0.0719645329926898
366.173848539298	0.0575694794808764
366.183294611911	0.105649602284316
366.192741615149	0.0702577369387164
366.202189547742	0.0659424412550855
366.211638408419	0.0677995212383396
366.22108819591	0.0702577369387164
366.230538908943	0.0641282995373402
366.239990546248	0.0678961323357343
366.249443106554	0.0645254784932963
366.25889658859	0.0750990263748296
366.268350991086	0.0875940616378801
366.27780631277	0.0872612900801873
366.287262552372	0.0716317614349968
366.296719708622	0.0860912223450734
366.306177780247	0.110115181897227
366.315636765979	0.0633768798909369
366.325096664545	0.0545101280633769
366.334557474675	0.0819584142898548
366.344019195098	0.101119615273141
366.353481824544	0.0429167963760104
366.362945361741	0.0399969943214144
366.372409805419	0.0629045589703404
366.381875154308	0.0716102923022425
366.391341407135	0.079103019633522
366.400808562632	0.0538123812488595
366.410276619525	0.0722651008512512
366.419745576546	0.0805951243599515
366.429215432423	0.0544242515323593
366.438686185886	0.0627220713419282
366.448157835663	0.117865538821559
366.457630380484	0.111660959455543
366.467103819078	0.0536406281868245
366.476578150174	0.0692272185665061
366.486053372502	0.0646864969889542
366.495529484791	0.0971478257135803
366.505006485769	0.0539411960453857
366.514484374167	0.0539089923462543
366.523963148713	0.0898375860107132
366.533442808136	0.095612782721642
366.542923351167	0.0520733814957545
366.552404776533	0.0459546786607555
366.561887082965	0.0908895735156779
366.571370269191	0.0737786747104351
366.580854333941	0.0856511051236086
366.590339275944	0.0821086982191355
366.599825093929	0.0856403705572314
366.609311786625	0.0529643505050614
366.618799352762	0.0610260098543319
366.628287791068	0.0811425872451883
366.637777100274	0.078598495013794
366.647267279108	0.0739289586397158
366.656758326299	0.0430670803052911
366.666250240577	0.0604248741372093
366.675743020671	0.116749143918331
366.68523666531	0.121139581566603
366.694731173224	0.0797363590497762
366.70422654314	0.0983393625814486
366.71372277379	0.0787809826422062
366.723219863902	0.096063634509484
366.732717812205	0.111027620039289
366.742216617428	0.0901166847365201
366.751716278301	0.108601608038043
366.761216793552	0.122416994965488
366.770718161912	0.104007213628606
366.780220382109	0.107302725506403
366.789723452873	0.119958779265112
366.799227372932	0.125519284648497
366.808732141017	0.0991873933252466
366.818237755855	0.130145882757066
366.827744216177	0.126721556082742
366.837251520712	0.169337784600191
366.846759668188	0.107721373595114
366.856268657335	0.0947432828450895
366.865778486883	0.10934229311807
366.87528915556	0.118928260892901
366.884800662096	0.108859237631096
366.89431300522	0.0994557574846764
366.903826183661	0.113110125916464
366.913340196148	0.117350279635454
366.922855041411	0.0840087164678983
366.932370718179	0.0895262835857746
366.941887225181	0.118949730025656
366.951404561146	0.106218534302307
366.960922724803	0.0990263748295888
366.970441714882	0.104951855469798
366.979961530112	0.150627435404747
366.989482169222	0.114065502324034
366.999003630942	0.104329250619921
367.008525914	0.104898182637912
367.018049017126	0.129458870508926
367.027572939049	0.125905729038076
367.037097678498	0.121375742026901
367.046623234202	0.108837768498342
367.056149604891	0.145882757066028
367.065676789294	0.119250297884217
367.07520478614	0.120130532327147
367.084733594159	0.113936687527507
367.094263212079	0.140504739311056
367.10379363863	0.134428974741565
367.11332487254	0.102901553291755
367.12285691254	0.0995845722812028
367.132389757358	0.144970318923967
367.141923405724	0.126592741286216
367.151457856367	0.0878302220981784
367.160993108016	0.108483527807894
367.1705291594	0.0857369816546261
367.180066009249	0.110158120162736
367.189603656291	0.104737164142255
367.199142099256	0.0694848481595586
367.208681336874	0.0933907274815634
367.218221367873	0.120688729778761
367.227762190982	0.052717455478386
367.237303804931	0.0337709458226435
367.246846208449	0.109385231383578
367.256389400266	0.0694955827259358
367.26593337911	0.0399862597550372
367.275478143711	0.0393314512060286
367.285023692797	0.104930386337044
367.294570025099	0.0487134622196937
367.304117139345	0.0549287761520874
367.313665034265	0.042444475455414
367.323213708587	0.0513863692476143
367.332763161042	0.0611011518189723
367.342313390358	0.0269008233412412
367.351864395264	0.0399433214895285
367.36141617449	0.105960904709254
367.370968726764	0.0649548611483839
367.380522050817	0.0446772652618698
367.390076145377	0.0367444207091255
367.399631009174	0.101269899202422
367.409186640937	0.0818832723252144
367.418743039394	0.0552830168425346
367.428300203276	0.0240561632512855
367.437858131311	0.0821731056173986
367.447416822229	0.0705368356645234
367.456976274758	0.0803696984660305
367.466536487629	0.0429275309423876
367.47609745957	0.0719645329926898
367.485659189311	0.0776753223053555
367.49522167558	0.0554333007718154
367.504784917107	0.0675096879461555
367.514348912621	0.0831177474585914
367.523913660852	0.103545627274386
367.533479160529	0.0489281535472375
367.54304541038	0.0391060253121075
367.552612409135	0.0787058406775659
367.562180155524	0.0731668044269352
367.571748648275	0.0523954184870703
367.581317886117	0.0497654497246584
367.590887867781	0.0797470936161534
367.600458591995	0.0948398939424842
367.610030057488	0.0580418004014729
367.61960226299	0.0348551370267399
367.62917520723	0.130553796279399
367.638748888936	0.096621831961098
367.648323306839	0.0628938244039633
367.657898459667	0.0611118863853495
367.66747434615	0.100883454812843
367.677050965017	0.0856725742563629
367.686628314997	0.0508389063623775
367.69620639482	0.0498835299548075
367.705785203214	0.0890754317979325
367.715364738908	0.0699571690801551
367.724945000633	0.0367658898418798
367.734525987117	0.0412851422866774
367.74410769709	0.0756357546936892
367.75369012928	0.0734029648872334
367.763273282417	0.0767199458977855
367.77285715523	0.0743798104275578
367.782441746448	0.0909110426484323
367.792027054801	0.0912116105069936
367.801613079018	0.0811211181124339
367.811199817827	0.0726193415416984
367.820787269959	0.0793499146601974
367.830375434142	0.0532971220627543
367.839964309106	0.0386337043915112
367.84955389358	0.0478654314758956
367.859144186292	0.0914477709672918
367.868735185973	0.0688407741769271
367.878326891352	0.0418648088710456
367.887919301157	0.0433569135974753
367.897512414118	0.055132732913254
367.907106228965	0.0745730326223473
367.916700744426	0.0530716961688333
367.92629595923	0.0534903442575437
367.935891872107	0.081185525510697
367.945488481786	0.102933756990886
367.955085786997	0.0622175467222002
367.964683786468	0.0459761477935099
367.974282478929	0.0954517642259842
367.983881863108	0.0776645877389783
367.993481937736	0.0537479738505964
368.003082701541	0.0588790965788937
368.012684153253	0.0696458666552165
368.0222862916	0.0712882553109268
368.031889115312	0.0458902712624924
368.041492623119	0.0716424960013741
368.051096813749	0.0729521130993914
368.060701685932	0.0684113915218395
368.070307238397	0.0570864239939028
368.079913469873	0.0425947593846947
368.089520379089	0.0812284637762058
368.099127964774	0.0875081851068627
368.108736225659	0.0684113915218395
368.118345160471	0.0474467833871851
368.127954767941	0.120871217407173
368.137565046797	0.107463744002061
368.147175995769	0.036604871346222
368.156787613585	0.0218663117103385
368.166399898976	0.0707085887265585
368.17601285067	0.0799081121118113
368.185626467397	0.0728447674356195
368.195240747885	0.0552937514089119
368.204855690864	0.132024431873075
368.214471295063	0.100808312848203
368.224087559212	0.0574943375162361
368.23370448204	0.0509140483270178
368.243322062275	0.0956342518543964
368.252940298647	0.0563994117457626
368.262559189886	0.0654379166353575
368.27217873472	0.0661786017153837
368.281798931878	0.103846195132948
368.291419780091	0.0960851036422384
368.301041278087	0.082870852431916
368.310663424595	0.0484021597947551
368.320286218345	0.104415127150939
368.329909658066	0.0901596230020289
368.339533742486	0.0421868458623614
368.349158470336	0.0408020867997038
368.358783840344	0.0692701568320148
368.36840985124	0.0555513810019644
368.378036501754	0.0407162102686862
368.387663790613	0.0817866612278198
368.397291716547	0.0569146709318678
368.406920278286	0.0507959680968688
368.416549474559	0.0462445119529397
368.426179304094	0.0679498051676203
368.435809765622	0.0750238844101893
368.445440857872	0.0721684897538564
368.455072579572	0.0556050538338504
368.464704929452	0.0362291615230203
368.474337906241	0.0887104565411081
368.483971508668	0.0965788936955892
368.493605735463	0.0745730326223473
368.503240585355	0.0584604484901833
368.512876057073	0.100411133892246
368.522512149345	0.0932082398531512
368.532148860903	0.0735532488165141
368.541786190474	0.0435179320931332
368.551424136787	0.117532767263866
368.561062698573	0.0897409749133184
368.57070187456	0.0620672627929196
368.580341663478	0.0588468928797622
368.589982064055	0.0765481928357504
368.599623075021	0.0887748639393712
368.609264695106	0.0784374765181361
368.618906923038	0.071470742939339
368.628549757546	0.134139141449381
368.63819319736	0.0982964243159398
368.64783724121	0.0776645877389783
368.657481887823	0.0758826497203646
368.66712713593	0.0637096514486297
368.67677298426	0.0689588544070763
368.686419431541	0.0557446031967539
368.696066476504	0.0450959133505802
368.705714117878	0.0565711648077976
368.71536235439	0.0795646059877412
368.725011184772	0.0504417274064215
368.734660607751	0.0479083697414043
368.744310622058	0.0516010605751581
368.753961226421	0.037334821859871
368.76361241957	0.0544886589306225
368.773264200234	0.0545638008952629
368.782916567142	0.0730165204976546
368.792569519023	0.110673379348841
368.802223054607	0.0629474972358492
368.811877172622	0.0531468381334736
368.821531871799	0.0807454082892322
368.831187150866	0.0701396567085673
368.840843008552	0.0493038633704392
368.850499443587	0.0804341058642936
368.8601564547	0.0849426237427139
368.869814040619	0.0586322015522184
368.879472200075	0.0571723005249203
368.889130931797	0.0784160073853817
368.898790234513	0.105338299859377
368.908450106954	0.107560355099456
368.918110547847	0.0597271273226919
368.927771555923	0.0606503000311302
368.93743312991	0.0986936032718959
368.947095268539	0.113142329615595
368.956757970537	0.0741436499672596
368.966421234635	0.0610474789870864
368.976085059561	0.085565228592591
368.985749444045	0.0830962783258371
368.995414386816	0.0499479373530706
369.005079886603	0.0680356816986378
369.014745942135	0.0613158431465162
369.024412552142	0.0800476614747148
369.034079715353	0.0730916624622949
369.043747430496	0.0486812585205621
369.053415696303	0.0797256244833991
369.0630845115	0.126335111693163
369.072753874818	0.0560129673561837
369.082423784986	0.072930643966637
369.092094240734	0.131509172686969
369.101765240789	0.106433225629851
369.111436783882	0.0759470571186277
369.121108868742	0.0698390888500059
369.130781494098	0.0963964060671769
369.140454658679	0.0788775937396009
369.150128361215	0.0741865882327684
369.159802600434	0.0715673540367338
369.169477375066	0.0738645512414526
369.17915268384	0.101613405326492
369.188828525486	0.0747984585162682
369.198504898732	0.0798866429790569
369.208181802308	0.106690855222903
369.217859234942	0.108182959949333
369.227537195365	0.0759470571186277
369.237215682306	0.0576660905782712
369.246894694493	0.10949257704735
369.256574230656	0.106293676266947
369.266254289524	0.0873149629120732
369.275934869826	0.0667045954678661
369.285615970292	0.0717927799306547
369.29529758965	0.100056893201799
369.304979726631	0.0864454630355207
369.314662379962	0.0744012795603122
369.324345548374	0.107399336603798
369.334029230596	0.127086531339567
369.343713425356	0.0934551348798266
369.353398131385	0.0667367991669977
369.363083347411	0.0741329154008824
369.372769072163	0.0788883283059781
369.382455304371	0.0776323840398468
369.392142042764	0.0745622980559701
369.401829286071	0.17381409877948
369.411517033021	0.090170357568406
369.421205282344	0.0992518007235098
369.430894032769	0.0821838401837758
369.440583283024	0.101463121397211
369.45027303184	0.100776109149071
369.459963277946	0.0817329883959338
369.46965402007	0.0666401880696029
369.479345256942	0.0969975417842997
369.489036987291	0.132722178687592
369.498729209846	0.0669407559281643
369.508421923337	0.0677029101409449
369.518115126493	0.110941743508271
369.527808818043	0.0973947207402557
369.537502996716	0.0888607404703887
369.547197661241	0.0716854342668828
369.556892810348	0.116555921723542
369.566588442766	0.115321446590165
369.576284557224	0.0933263200833003
369.585981152452	0.110523095419561
369.595678227177	0.149489571368765
369.605375780131	0.105950170142877
369.615073810041	0.0844917719548719
369.624772315638	0.0790815505007676
369.63447129565	0.126163358631128
369.644170748807	0.117071180909647
369.653870673838	0.0992410661571326
369.663571069471	0.0908144315510375
369.673271934437	0.108451324108763
369.682973267465	0.124649784771944
369.692675067283	0.083482722715416
369.702377332621	0.0968901961205277
369.712080062208	0.163895359446955
369.721783254774	0.124681988471076
369.731486909047	0.0796826862178902
369.741191023757	0.0905353328252306
369.750895597633	0.102847880459869
369.760600629404	0.101795892954904
369.7703061178	0.0949687087390106
369.780012061549	0.056818059834473
369.789718459382	0.11289543458892
369.799425310026	0.116169477333963
369.809132612212	0.0705797739300321
369.818840364668	0.074895069613663
369.828548566124	0.11316379874835
369.83825721531	0.0940562705969493
369.847966310953	0.0790064085361272
369.857675851784	0.0888500059040116
369.867385836531	0.109159805489657
369.877096263925	0.0989619674313257
369.886807132693	0.0948398939424842
369.896518441566	0.0912223450733708
369.906230189272	0.136758375645416
369.915942374541	0.101420183131702
369.925654996103	0.0780188284294256
369.935368052685	0.0908144315510375
369.945081543018	0.120388161920199
369.95479546583	0.105338299859377
369.964509819851	0.123297229408418
369.97422460381	0.0891183700634414
369.983939816437	0.124907414364997
369.99365545646	0.144304775808581
370.003371522609	0.101677812724755
370.013088013612	0.0860590186459419
370.0228049282	0.121880266646629
370.032522265102	0.104704960443123
370.042240023046	0.103610034672649
370.051958200761	0.110544564552315
370.061676796978	0.11507455156349
370.071395810425	0.144229633843941
370.081115239832	0.103824726000193
370.090835083927	0.0974054553066329
370.10055534144	0.113754199899095
370.1102760111	0.0920703758171689
370.119997091637	0.115407323121183
370.129718581779	0.102439966937536
370.139440480256	0.123211352877401
370.149162785797	0.104801571540518
370.158885497132	0.114301662784332
370.168608612988	0.100668763485299
370.178332132097	0.130414246916496
370.188056053186	0.119819229902208
370.197780374986	0.109632126410254
370.207505096224	0.111489206393508
370.217230215632	0.13746685702631
370.226955731937	0.0940884742960808
370.236681643869	0.113217471580236
370.246407950157	0.116588125422674
370.256134649531	0.109213478321543
370.265861740719	0.122341853000848
370.275589222452	0.102289683008255
370.285317093457	0.0937449681720107
370.295045352465	0.10020717713108
370.304773998204	0.134482647573451
370.314503029404	0.105080670266325
370.324232444793	0.0972014985454662
370.333962243103	0.124070118187576
370.34369242306	0.149103126979186
370.353422983395	0.125197247657181
370.363153922837	0.101602670760115
370.372885240115	0.186072973582232
370.382616933958	0.130500123447513
370.392349003096	0.114977940466095
370.402081446258	0.135287740051741
370.411814262172	0.154277187972992
370.421547449569	0.123125476346383
370.431281007177	0.135910344901618
370.441014933725	0.11706044634327
370.450749227943	0.169928185750937
370.460483888561	0.112530459332095
370.470218914307	0.129856049464882
370.47995430391	0.11098468177378
370.4896900561	0.115954786006419
370.499426169605	0.102600985433193
370.509162643156	0.108751891967324
370.518899475481	0.110082978198096
370.52863666531	0.128825531092672
370.538374211372	0.0912760179052567
370.548112112395	0.120581384114989
370.55785036711	0.117854804255182
370.567588974245	0.117049711776893
370.57732793253	0.131273012226671
370.587067240694	0.120871217407173
370.596806897466	0.15409470034458
370.606546901575	0.12653906845433
370.616287251751	0.156520712345825
370.626027946722	0.121772920982857
370.635768985219	0.148104812306107
370.645510365969	0.112680743261376
370.655252087704	0.15894672434707
370.66499414915	0.135964017733504
370.674736549039	0.13670470281353
370.684479286099	0.200532434492309
370.694222359058	0.155855169230439
370.703965766648	0.133795635325311
370.713709507596	0.130070740792426
370.723453580632	0.163852421181446
370.733197984486	0.163240550897947
370.742942717885	0.142758998250266
370.752687779561	0.151196367422738
370.762433168241	0.153192996768896
370.772178882655	0.17163498180491
370.781924921532	0.160063119250298
370.791671283603	0.159730347692605
370.801417967594	0.210902025612675
370.811164972237	0.18283113453632
370.82091229626	0.178998894339663
370.830659938392	0.156048391425228
370.840407897362	0.201262385005958
370.850156171901	0.236783065148083
370.859904760736	0.203688397007203
370.869653662598	0.188080337494767
370.879402876215	0.186513090803697
370.889152400317	0.208261322283886
370.898902233633	0.201015489979282
370.908652374892	0.220498727953884
370.918402822823	0.20656526079629
370.928153576156	0.21393990789742
370.937904633619	0.200811533218116
370.947655993943	0.198374786650493
370.957407655856	0.215657438517771
370.967159618087	0.204783322777676
370.976911879366	0.158764236718658
370.986664438421	0.157540496151658
370.996417293983	0.191365114806187
371.00617044478	0.152989040007729
371.015923889542	0.126420988224181
371.025677626997	0.130424981482873
371.035431655876	0.121354272894146
371.045185974906	0.117758193157787
371.054940582818	0.119196625052331
371.064695478341	0.107249052674517
371.074450660203	0.0959992271112209
371.084206127135	0.109041725259508
371.093961877864	0.0653305709715856
371.103717911121	0.0593299483667358
371.113474225636	0.0937234990392563
371.123230820135	0.0982212823512994
371.13298769335	0.0687871013450412
371.14274484401	0.0428201852786157
371.152502270843	0.0847064632824157
371.162259972579	0.0520626469293773
371.172017947947	0.055132732913254
371.181776195676	0.058449713923806
371.191534714495	0.0895906909840377
371.201293503135	0.0727266872054703
371.211052560323	0.0794572603239693
371.220811884789	0.0324613287246262
371.230571475263	0.0751741683394699
371.240331330473	0.0914799746664234
371.250091449149	0.0425410865528087
371.25985183002	0.0489925609455007
371.269612471816	0.059061584207306
371.279373373264	0.0871646789827925
371.289134533096	0.0539841343108946
371.298895950039	0.065126614210419
371.308657622824	0.11843447083955
371.318419550178	0.0975557392359136
371.328181730833	0.0524812950180878
371.337944163516	0.0901596230020289
371.347706846957	0.105381238124886
371.357469779885	0.109213478321543
371.367232961029	0.082870852431916
371.37699638912	0.0695277864250674
371.386760062885	0.122975192417102
371.396523981054	0.087701407301652
371.406288142357	0.0719108601608039
371.416052545522	0.0704938973990146
371.425817189278	0.0868211728587224
371.435582072356	0.0616056764387003
371.445347193484	0.0902132958339148
371.455112551391	0.0606395654647531
371.464878144807	0.0820764945200039
371.474643972461	0.0652446944405681
371.484410033081	0.0628079478729457
371.494176325398	0.0548214304883155
371.503942848141	0.0698927616818919
371.513709600038	0.0961065727749928
371.523476579819	0.0722758354176283
371.533243786214	0.055411831639061
371.54301121795	0.0968043195895102
371.552778873758	0.080004723209206
371.562546752368	0.0655452622991295
371.572314852507	0.0480157154051762
371.582083172905	0.10628294170057
371.591851712292	0.07995105037732
371.601620469396	0.0645469476260507
371.611389442947	0.058782485481499
371.621158631675	0.0614017196775336
371.630928034308	0.0884313578153011
371.640697649575	0.0596197816589199
371.650467476206	0.0703543480361111
371.66023751293	0.0755928164281805
371.670007758477	0.0848567472116964
371.679778211574	0.068550940884743
371.689548870953	0.0643429908648841
371.699319735341	0.0640102193071911
371.709090803468	0.0782764580224782
371.718862074064	0.0619384479963932
371.728633545857	0.0732204772588212
371.738405217577	0.137681548353854
371.748177087953	0.0937449681720107
371.757949155714	0.078823920907715
371.76772141959	0.0721255514883477
371.777493878309	0.0714492738065846
371.787266530601	0.109363762250824
371.797039375195	0.093369258348809
371.806812410821	0.0876692036025205
371.816585636206	0.100432603025001
371.826359050082	0.0991981278916239
371.836132651177	0.0656204042637698
371.845906438219	0.0913618944362743
371.855680409939	0.117414687033717
371.865454565066	0.107614027931342
371.875228902328	0.0607791148276566
371.885003420456	0.0953551531285894
371.894778118178	0.0821731056173986
371.904552994223	0.0786092295801711
371.914328047321	0.0673916077160063
371.924103276201	0.0726730143735844
371.933878679592	0.09072855502002
371.943654256223	0.0677458484064537
371.953430004824	0.0585785287203324
371.963205924124	0.0798544392799253
371.972982012851	0.105445645523149
371.982758269736	0.0930901596230021
371.992534693508	0.103599300106272
372.002311282894	0.101548997928229
372.012088036626	0.122556544328392
372.021864953433	0.096568159129212
372.031642032042	0.0904709254269674
372.041419271184	0.0920381721180374
372.051196669588	0.112723681526885
372.060974225982	0.0918878881887566
372.070751939097	0.0826346919716178
372.080529807661	0.0711057676825145
372.090307830404	0.0900415427718797
372.100086006055	0.0821623710510214
372.109864333343	0.0683362495571992
372.119642810997	0.0817222538295566
372.129421437746	0.0911686722414848
372.139200212321	0.0753137177023734
372.148979133449	0.0601028371458935
372.158758199861	0.0969975417842997
372.168537410285	0.110501626286806
372.17831676345	0.0923709436757302
372.188096258087	0.106368818231588
372.197875892923	0.0684865334864798
372.207655666689	0.107753577294245
372.217435578113	0.0768594952606889
372.227215625925	0.0730594587631633
372.236995808854	0.0699249653810235
372.246776125629	0.0732741500907071
372.256556574979	0.126517599321575
372.266337155634	0.0819369451571004
372.276117866323	0.0630011700677352
372.285898705774	0.147450003757098
372.295679672718	0.108762626533701
372.305460765884	0.0791459578990307
372.315241984	0.105488583788658
372.325023325796	0.113947422093885
372.334804790001	0.0954732333587385
372.344586375345	0.0953980913940982
372.354368080556	0.0834612535826615
372.364149904363	0.0890646972315554
372.373931845497	0.11297057655356
372.383713902686	0.114773983704928
372.39349607466	0.0940348014641948
372.403278360147	0.150133645351396
372.413060757877	0.132067370138583
372.422843266579	0.100937127644729
372.432625884982	0.0921777214809408
372.442408611816	0.121053705035585
372.45219144581	0.114054767757656
372.461974385693	0.0887211911074852
372.471757430194	0.084438099122986
372.481540578042	0.133237437873697
372.491323827966	0.0730487241967861
372.501107178697	0.0718464527625407
372.510890628963	0.0853827409641788
372.520674177493	0.111038354605666
372.530457823017	0.137091147203109
372.540241564263	0.0683791878227079
372.550025399961	0.0791996307309166
372.559809328841	0.131187135695654
372.569593349631	0.113979625793016
372.57937746106	0.107249052674517
372.589161661858	0.108923645029359
372.598945950754	0.0702147986732076
372.608730326478	0.169638352458752
372.618514787758	0.0974161898730101
372.628299333324	0.0886782528419765
372.638083961904	0.124349216913383
372.647868672229	0.131487703554215
372.657653463027	0.103438281610614
372.667438333028	0.0987472761037818
372.67722328096	0.117006773511384
372.687008305553	0.116759878484709
372.696793405537	0.112873965456165
372.70657857964	0.140987794798029
372.716363826592	0.0890432280988009
372.726149145122	0.0887319256738624
372.735934533958	0.0950975235355368
372.745719991832	0.088366950417038
372.75550551747	0.117758193157787
372.765291109604	0.0734136994536106
372.775076766961	0.0991551896261151
372.784862488272	0.102150133645351
372.794648272265	0.111177903968569
372.804434117669	0.113539508571551
372.814220023215	0.0975664738022908
372.824005987631	0.0779544210311625
372.833792009645	0.12046330388484
372.843578087989	0.0933048509505459
372.85336422139	0.0955483753233788
372.863150408578	0.0990585785287203
372.872936648282	0.094152881694344
372.882722939232	0.139549362903485
372.892509280157	0.106154126904044
372.902295669785	0.107077299612482
372.912082106846	0.124027179922067
372.921868590069	0.10976094120678
372.931655118184	0.115364384855674
372.94144168992	0.132142512103224
372.951228304006	0.132647036722952
372.96101495917	0.12279270478869
372.970801654143	0.12539046985197
372.980588387654	0.116309026696867
372.990375158432	0.120141266893524
373.000161965205	0.141846560108204
373.009948806704	0.124821537833979
373.019735681657	0.114935002200586
373.029522588794	0.132486018227294
373.039309526844	0.157379477656
373.049096494536	0.0986506650063871
373.058883490599	0.111564348358148
373.068670513763	0.104812306106895
373.078457562757	0.120152001459901
373.088244636309	0.109825348605043
373.09803173315	0.103856929699325
373.107818852009	0.100250115396589
373.117605991614	0.121182519832111
373.127393150694	0.122277445602585
373.13718032798	0.0990478439623432
373.146967522201	0.127827216419593
373.156754732084	0.128632308897882
373.166541956361	0.109911225136061
373.176329193759	0.134611462369978
373.186116443009	0.172955333469305
373.195903702839	0.147997466642335
373.205690971979	0.135148190688837
373.215478249157	0.122685359124918
373.225265533104	0.154985669353886
373.235052822548	0.166353575147332
373.244840116218	0.172762111274515
373.254627412844	0.134922764794916
373.264414711155	0.156939360434535
373.274202009881	0.190828386487328
373.283989307749	0.148319503633651
373.293776603491	0.155232564380562
373.303563895834	0.17266550017712
373.313351183508	0.149285614607598
373.323138465242	0.144412121472353
373.332925739766	0.146494627349528
373.342713005808	0.135953283167126
373.352500262099	0.207370353274579
373.362287507366	0.139785523363784
373.372074740341	0.144830769561064
373.38186195975	0.157551230718035
373.391649164324	0.151861910538124
373.401436352793	0.140633554107582
373.411223523884	0.114398273881727
373.421010676328	0.132990542847022
373.430797808854	0.168919136511481
373.44058492019	0.124735661302962
373.450372009067	0.125476346382988
373.460159074213	0.175628240497225
373.469946114358	0.135910344901618
373.47973312823	0.140569146709319
373.489520114559	0.179857659649838
373.499307072075	0.155490193973614
373.509093999506	0.184011936837812
373.518880895581	0.162113421428341
373.528667759031	0.15034833667894
373.538454588583	0.159182884807368
373.548241382968	0.172354197752182
373.558028140914	0.148673744324098
373.567814861151	0.148641540624967
373.577601542408	0.18692100432603
373.587388183414	0.168210655130586
373.597174782899	0.150584497139238
373.606961339591	0.146151121225458
373.61674785222	0.15696082956729
373.626534319516	0.197773650933371
373.636320740206	0.148287299934519
373.646107113021	0.156585119744088
373.655893436689	0.157905471408482
373.665679709941	0.156327490151035
373.675465931505	0.140461801045547
373.68525210011	0.133634616829653
373.695038214485	0.162070483162833
373.704824273361	0.131208604828408
373.714610275465	0.154824650858229
373.724396219528	0.155350644610711
373.734182104278	0.174468907328488
373.743967928445	0.160664254967421
373.753753690758	0.158689094754017
373.763539389946	0.155447255708106
373.773325024738	0.203162403254721
373.783110593864	0.199212082827914
373.792896096052	0.150670373670256
373.802681530033	0.158710563886772
373.812466894535	0.201165773908563
373.822252188287	0.22831349227648
373.832037410019	0.169692025290638
373.841822558459	0.187865646167223
373.851607632338	0.180877443455672
373.861392630384	0.200339212297519
373.871177551327	0.178633919082839
373.880962393896	0.183958264005926
373.890747156819	0.231490923924128
373.900531838827	0.190270189035714
373.910316438648	0.171527636141138
373.920100955011	0.166868834333437
373.929885386647	0.220391382290112
373.939669732283	0.225103856929699
373.94945399065	0.156295286451904
373.959238160477	0.15581223096493
373.969022240492	0.169692025290638
373.978806229425	0.169520272228603
373.988590126005	0.196549910366371
373.998373928962	0.161286859817298
374.008157637024	0.163240550897947
374.017941248921	0.195605268525178
374.027724763382	0.161576693109482
374.037508179136	0.160020180984789
374.047291494913	0.194928990843415
374.057074709442	0.204836995609562
374.066857821451	0.185589918095259
374.076640829671	0.204987279538843
374.08642373283	0.21073027255064
374.096206529657	0.200178193801861
374.105989218882	0.200994020846528
374.115771799235	0.180727159526391
374.125554269443	0.267129684296403
374.135336628237	0.258520562061896
374.145118874346	0.220230363794455
374.154901006499	0.182047511190785
374.164683023424	0.227669418293848
374.174464923852	0.197258391747265
374.184246706512	0.195583799392424
374.194028370132	0.211932543984886
374.203809913442	0.233294331075496
374.213591335172	0.175435018302436
374.22337263405	0.185182004572925
374.233153808805	0.189400689159161
374.242934858168	0.20656526079629
374.252715780866	0.230653627746707
374.26249657563	0.195057805639941
374.272277241188	0.198439194048756
374.282057776271	0.19468209581674
374.291838179605	0.225726461779576
374.301618449923	0.176272314479857
374.311398585951	0.230385263587277
374.321178586421	0.231877368313707
374.33095845006	0.190141374239188
374.340738175598	0.210762476249772
374.350517761764	0.198031280526423
374.360297207288	0.253851025687817
374.370076510899	0.240776323840398
374.379855671325	0.238436188370171
374.389634687297	0.208282791416641
374.399413557543	0.244501218373284
374.409192280793	0.235183614757882
374.418970855775	0.22403040029198
374.42874928122	0.276822997735007
374.438527555856	0.299719827817555
374.448305678412	0.248977532552573
374.458083647618	0.251575297615853
374.467861462203	0.223804974398059
374.477639120895	0.263168629303219
374.487416622426	0.260012666788325
374.497193965523	0.197880996597143
374.506971148915	0.217471580235516
374.516748171333	0.217675536996683
374.526525031505	0.219586289811823
374.53630172816	0.199984971607072
374.546078260028	0.18718936848546
374.555854625838	0.226220251832927
374.565630824319	0.237427139130715
374.5754068542	0.220273302059963
374.585182714211	0.216698691456359
374.59495840308	0.235473448050066
374.604733919538	0.238962182122653
374.614509262312	0.238114151378855
374.624284430133	0.230009553764076
374.63405942173	0.272024646564402
374.643834235832	0.264413839002974
374.653608871167	0.252841976448361
374.663383326466	0.25410865528087
374.673157600458	0.304410833324388
374.682931691871	0.289801088485031
374.692705599435	0.275223547344805
374.70247932188	0.237749176122031
374.712252857933	0.27566366456627
374.722026206325	0.373648786457271
374.731799365786	0.255686636538317
374.741572335043	0.255525618042659
374.751345112826	0.256491729016606
374.761117697865	0.289436113228206
374.770890088889	0.248762841225029
374.780662284626	0.240132249857767
374.790434283807	0.213918438764666
374.80020608516	0.244876928196486
374.809977687415	0.230385263587277
374.8197490893	0.248591088162994
374.829520289545	0.281213435383278
374.83929128688	0.233412411305645
374.849062080033	0.250072458323046
374.858832667734	0.241184237362732
374.868603048712	0.262009296134483
374.878373221695	0.279420762798287
374.888143185415	0.272325214422963
374.897912938598	0.279742799789602
374.907682479976	0.281954120463304
374.917451808276	0.324795774874674
374.927220922229	0.284004422641347
374.936989820563	0.27914166407248
374.946758502008	0.297626587374003
374.956526965292	0.320727374217719
374.966295209146	0.299494401923634
374.976063232298	0.2925920757431
374.985831033477	0.301813068261108
374.995598611413	0.295179106240004
375.005365964836	0.288899384909347
375.015133092473	0.281846774799532
375.024899993055	0.302178043517932
375.03466666531	0.31128095580579
375.044433107968	0.269834795023455
375.054199319759	0.280258058975708
375.06396529941	0.305859999785309
375.073731045652	0.290659853795206
375.083496557214	0.257275352362141
375.093261832825	0.251210322359028
375.103026871214	0.300664469658748
375.11279167111	0.308221604388291
375.122556231243	0.29408418046953
375.132320550341	0.29033781680389
375.142084627135	0.340715136812048
375.151848460353	0.329948366735726
375.161612048724	0.306224975042133
375.171375390978	0.285185224942838
375.181138485844	0.32710370664577
375.190901332051	0.333286816879032
375.200663928329	0.327661904097384
375.210426273406	0.346146827398907
375.220188366012	0.329508249514261
375.229950204875	0.350000536728319
375.239711788726	0.372060070633447
375.249473116294	0.348003907382161
375.259234186307	0.385832519295383
375.268994997495	0.360906856167545
375.278755548587	0.344032117822601
375.288515838313	0.360649226574493
375.298275865401	0.361894436274247
375.30803562858	0.361239627725238
375.317795126581	0.342293118069496
375.327554358132	0.378930193114849
375.337313321962	0.415985916248913
375.347072016801	0.415792694054124
375.356830441378	0.417810792533036
375.366588594422	0.460233798855695
375.376346474662	0.500016101849566
375.386104080828	0.521807271595264
375.395861411648	0.507025773693872
375.405618465852	0.548246508582286
375.41537524217	0.528462702749122
375.42513173933	0.549781551574224
375.434887956061	0.558412142941486
375.444643891094	0.565228592591002
375.454399543156	0.588082484408042
375.464154910978	0.568202067477484
375.473909993288	0.534474059920349
375.483664788816	0.511169316315467
375.49341929629	0.512393056882467
375.503173514441	0.479513080069131
375.512927441998	0.438045450154041
375.522681077688	0.409738398617388
375.532434420243	0.367841386047211
375.542187468391	0.303841901306397
375.551940220861	0.259379327372071
375.561692676382	0.241613620017819
375.571444833684	0.232564380561847
375.581196691496	0.198632416243546
375.590948248547	0.161447878312956
375.600699503566	0.130457185182005
375.610450455283	0.122835643054199
375.620201102427	0.141782152709941
375.629951443727	0.12183732838112
375.639701477911	0.095784535783677
375.649451203711	0.0970619491825628
375.659200619854	0.166256964049937
375.668949725069	0.120817544575287
375.678698518087	0.106132657771289
375.688446997637	0.105424176390395
375.698195162446	0.141277628090213
375.707943011246	0.134149876015758
375.717690542764	0.108311774745859
375.727437755731	0.168779587148577
375.737184648875	0.143832454887985
375.746931220926	0.120624322380498
375.756677470612	0.11297057655356
375.766423396664	0.171667185504042
375.776168997809	0.15000483055487
375.785914272779	0.092864733729081
375.795659220301	0.0723295082495143
375.805403839105	0.087701407301652
375.81514812792	0.087357901177582
375.824892085475	0.0781691123587063
375.834635710501	0.0638492008115332
375.844379001724	0.101259164636045
375.854121957876	0.102032053415202
375.863864577686	0.0813465440063549
375.873606859881	0.0903206414976868
375.883348803193	0.136522215185118
375.893090406349	0.119325439848857
375.902831668079	0.119357643547989
375.912572587113	0.107249052674517
375.922313162179	0.129737969234733
375.932053392007	0.109395965949955
375.941793275327	0.13800358534517
375.951532810866	0.117919211653445
375.961271997355	0.143220584604485
375.971010833522	0.188638534946381
375.980749318097	0.111263780499587
375.99048744981	0.125369000719216
376.000225227389	0.144261837543073
376.009962649563	0.123511920735962
376.019699715062	0.101667078158378
376.029436422615	0.13903410371738
376.039172770951	0.122438464098243
376.0489087588	0.127870154685102
376.05864438489	0.0776216494734696
376.068379647951	0.0784267419517589
376.078114546712	0.0773425507476625
376.087849079903	0.128278068207435
376.097583246252	0.0758933842867417
376.107317044488	0.0849211546099596
376.117050473342	0.117232199405305
376.126783531542	0.160524705604517
376.136516217817	0.0780832358276888
376.146248530897	0.130940240668978
376.155980469511	0.136028425131767
376.165712032387	0.125014760028769
376.175443218256	0.138755004991573
376.185174025847	0.166890303466192
376.194904453888	0.134611462369978
376.204634501109	0.186072973582232
376.214364166239	0.144229633843941
376.224093448008	0.136747641079039
376.233822345144	0.140955591098898
376.243550856377	0.124746395869339
376.253278980436	0.127451506596391
376.26300671605	0.109986367100701
376.272734061949	0.106927015683202
376.282461016861	0.125819852507058
376.292187579517	0.0804663095634252
376.301913748644	0.0871217407172838
376.311639522973	0.107474478568438
376.321364901232	0.133012011979776
376.331089882151	0.109556984445613
376.340814464459	0.103137713752053
376.350538646885	0.122642420859409
376.360262428159	0.119754822503945
376.369985807009	0.126893309144777
376.379708782166	0.116330495829621
376.389431352357	0.159655205727965
376.399153516312	0.191526133301845
376.408875272762	0.129845314898505
376.418596620433	0.146483892783151
376.428317558057	0.166396513412841
376.438038084362	0.165494809837157
376.447758198078	0.141234689824705
376.457477897933	0.135931814034372
376.467197182657	0.178032783365716
376.476916050979	0.146462423650397
376.486634501628	0.123855426860032
376.496352533334	0.108891441330228
376.506070144825	0.133924450121837
376.515787334831	0.0864669321682751
376.525504102082	0.106765997187544
376.535220445306	0.110877336110008
376.544936363232	0.112047403845122
376.554651854591	0.133978122953723
376.56436691811	0.0956342518543964
376.57408155252	0.114967205899718
376.583795756549	0.149607651598914
376.593509528926	0.146097448393572
376.603222868382	0.155994718593342
376.612935773645	0.150595231705615
376.622648243444	0.194928990843415
376.632360276509	0.19284648496624
376.642071871568	0.179020363472418
376.651783027352	0.157390212222377
376.661493742589	0.201595156563651
376.671204016008	0.185182004572925
376.680913846339	0.146247732322853
376.69062323231	0.164421353199438
376.700332172652	0.162875575641122
376.710040666093	0.141438646585871
376.719748711363	0.129759438367487
376.729456307191	0.106959219382333
376.739163452305	0.117575705529375
376.748870145436	0.11862769303434
376.758576385312	0.108150756250201
376.768282170662	0.127258284401602
376.777987500217	0.124499500842663
376.787692372705	0.103878398832079
376.797396786855	0.109954163401569
376.807100741396	0.10574621338171
376.816804235058	0.141009263930784
376.82650726657	0.187962257264618
376.836209834662	0.152280558626834
376.845911938061	0.145023991755853
376.855613575499	0.158603218223
376.865314745703	0.180083085543759
376.875015447403	0.174060993806155
376.884715679328	0.161362001781938
376.894415440208	0.18042659166783
376.904114728772	0.16391682857971
376.913813543748	0.172225382955656
376.923511883867	0.165763173996586
376.933209747857	0.142522837789968
376.942907134448	0.185997831617592
376.952604042368	0.145635862039353
376.962300470348	0.139077041982889
376.971996417115	0.131208604828408
376.981691881401	0.132561160191934
376.991386861932	0.132432345395408
377.00108135744	0.141384973753985
377.010775366653	0.135931814034372
377.0204688883	0.170379037538779
377.030161921111	0.158538810824737
377.039854463815	0.144787831295555
377.04954651514	0.188466781884346
377.059238073817	0.16181285356978
377.068929138574	0.169026482175253
377.078619708141	0.165408933306139
377.088309781246	0.253045933209528
377.09799935662	0.205416662193931
377.107688432991	0.188885429973056
377.117377009089	0.197752181800616
377.127065083642	0.202443187307449
377.136752655381	0.207370353274579
377.146439723033	0.156381162982921
377.156126285329	0.160846742595833
377.165812340998	0.134751011732881
377.175497888768	0.135867406636109
377.185182927369	0.135942548600749
377.194867455531	0.132324999731636
377.204551471982	0.168811790847709
377.214234975452	0.158817909550544
377.22391796467	0.138808677823459
377.233600438365	0.184291035563618
377.243282395267	0.207585044602123
377.252963834104	0.208948334532027
377.262644753606	0.177345771117576
377.272325152502	0.182970683899224
377.282005029521	0.207928550726193
377.291684383392	0.218137123350902
377.301363212846	0.191687151797503
377.31104151661	0.165204976544972
377.320719293414	0.208046630956343
377.330396541988	0.176454802108269
377.34007326106	0.165419667872516
377.34974944936	0.170024796848331
377.359425105617	0.164764859323508
377.36910022856	0.189840806380626
377.378774816919	0.180351449703189
377.388448869423	0.144991788056722
377.3981223848	0.173234432195111
377.40779536178	0.204182187060554
377.417467799093	0.166847365200683
377.427139695467	0.174393765363848
377.436811049632	0.210215013364535
377.446481860317	0.212480006870123
377.456152126251	0.202088946617001
377.465821846164	0.219436005882542
377.475491018784	0.228753609497944
377.485159642841	0.254591710767844
377.494827717065	0.213693012870745
377.504495240183	0.212179439011561
377.514162210926	0.221110598237384
377.523828628023	0.208926865399272
377.533494490202	0.232424831198944
377.543159796194	0.192256083815494
377.552824544728	0.180716424960014
377.562488734532	0.203495174812414
377.572152364335	0.16146934744571
377.581815432868	0.185149800873794
377.591477938859	0.174286419700076
377.601139881038	0.187307448715609
377.610801258133	0.160363687108859
377.620462068874	0.1706044634327
377.63012231199	0.198589477978037
377.639781986211	0.211309939135009
377.649441090265	0.199823953111414
377.659099622882	0.179567826357654
377.668757582791	0.204074841396782
377.678414968721	0.212007685949526
377.688071779402	0.228903893427225
377.697728013563	0.226059233337269
377.707383669932	0.240529428813723
377.717038747239	0.246551520551327
377.726693244214	0.226005560505383
377.736347159586	0.202110415749756
377.746000492083	0.216634284058095
377.755653240435	0.269824060457078
377.765305403371	0.173009006301191
377.774956979621	0.193093379992915
377.784607967913	0.197762916366993
377.794258366978	0.202593471236729
377.803908175543	0.190066232274547
377.813557392339	0.204869199308694
377.823206016094	0.210934229311807
377.832854045538	0.279925287418015
377.8425014794	0.212844982126947
377.852148316409	0.208229118584755
377.861794555295	0.239563317839776
377.871440194786	0.257790611548247
377.881085233612	0.271369838015393
377.890729670502	0.239917558530223
377.900373504185	0.28453041639383
377.910016733391	0.217997573987999
377.919659356849	0.240132249857767
377.929301373287	0.216376654465043
377.938942781436	0.294631643354767
377.948583580024	0.248043625277757
377.958223767781	0.213564198074219
377.967863343435	0.197923934862651
377.977502305717	0.25418379724551
377.987140653355	0.227680152860225
377.996778385078	0.229859269834795
378.006415499616	0.231319170862093
378.016051995698	0.246369032922915
378.025687872053	0.258026772008545
378.03532312741	0.249020470818081
378.044957760499	0.221668795688998
378.054591770049	0.256545401848492
378.064225154788	0.281149027985015
378.073857913447	0.225017980398682
378.083490044755	0.241624354584197
378.09312154744	0.260120012452097
378.102752420232	0.228614060135041
378.11238266186	0.244662236868942
378.122012271053	0.248140236375152
378.131641246541	0.236020910935303
378.141269587053	0.253883229386949
378.150897291317	0.260560129673562
378.160524358064	0.25785501894651
378.170150786022	0.268235344633254
378.179776573921	0.263608746524684
378.18940172049	0.257618858486211
378.199026224458	0.247549835224406
378.208650084554	0.268063591571219
378.218273299508	0.303949246970169
378.227895868048	0.28296316970276
378.237517788905	0.267730820013526
378.247139060806	0.278583466620866
378.256759682482	0.257522247388817
378.266379652662	0.263458462595403
378.275998970074	0.244522687506038
378.285617633449	0.283124188198418
378.295235641514	0.263952252648754
378.304852993001	0.263436993462649
378.314469686637	0.245521002179117
378.324085721151	0.267956245907447
378.333701095274	0.251156649527142
378.343315807735	0.269888467855341
378.352929857262	0.266206511587964
378.362543242584	0.26366241935657
378.372155962432	0.248655495561257
378.381768015534	0.253389439333598
378.39137940062	0.317120559914982
378.400990116418	0.271541591077428
378.410600161658	0.321929645651964
378.420209535069	0.289318032998057
378.429818235381	0.297240142984424
378.439426261322	0.285507261934154
378.449033611622	0.28636602724433
378.458640285009	0.273248387131402
378.468246280214	0.284466008995567
378.477851595966	0.300514185729467
378.487456230993	0.300836222720783
378.497060184025	0.278132614833024
378.506663453791	0.288942323174855
378.516266039021	0.281277842781541
378.525867938443	0.296767822063828
378.535469150786	0.292119754822504
378.545069674781	0.293064396663697
378.554669509156	0.329143274257436
378.56426865264	0.318269158517342
378.573867103963	0.294556501390126
378.583464861854	0.300728877057011
378.593061925042	0.318408707880245
378.602658292256	0.302124370686046
378.612253962226	0.309531221486308
378.62184893368	0.289114076236891
378.631443205348	0.334413946348637
378.64103677596	0.356859924643344
378.650629644244	0.326116126539068
378.660221808929	0.304829481413098
378.669813268745	0.324913855104823
378.679404022421	0.334413946348637
378.688994068687	0.291271724078706
378.698583406271	0.291969470893223
378.708172033903	0.309155511663106
378.717759950311	0.324140966325665
378.727347154226	0.317324516676149
378.736933644376	0.294513563124618
378.746519419491	0.305731184988782
378.7561044783	0.315209807099842
378.765688819531	0.296993247957749
378.775272441915	0.305248129501809
378.78485534418	0.335873847375935
378.794437525056	0.338171044580654
378.804018983271	0.328960786629024
378.813599717556	0.32908960142555
378.82317972664	0.321961849351096
378.83275900925	0.322155071545885
378.842337564118	0.34353832776925
378.851915389971	0.325794089547753
378.86149248554	0.383814420816471
378.871068849553	0.334167051321962
378.88064448074	0.368399583498825
378.890219377829	0.344729864637118
378.899793539551	0.339663149307084
378.909366964634	0.396985733761285
378.918939651807	0.354959906394581
378.928511599801	0.347059265540969
378.938082807343	0.354616400270511
378.947653273163	0.347553055594319
378.957222995991	0.360337924149554
378.966791974555	0.344686926371609
378.976360207586	0.363343602735168
378.985927693811	0.356001159333169
378.99549443196	0.357514733192353
379.005060420763	0.341616840387732
379.014625658949	0.379101946176884
379.024190145247	0.376729607007525
379.033753878386	0.365769614736413
379.043316857095	0.364116491514325
379.052879080104	0.369204675977114
379.062440546141	0.399959208647767
379.072001253937	0.367143639232693
379.08156120222	0.410114108440589
379.091120389719	0.402986356366135
379.100678815164	0.412454243910817
379.110236477284	0.395203795742671
379.119793374808	0.391017314855566
379.129349506465	0.368786027888403
379.138904870985	0.458913447191301
379.148459467097	0.389696963191172
379.15801329353	0.38052964350505
379.167566349012	0.387464173384716
379.177118632275	0.417789323400281
379.186670142046	0.41913114419743
379.196220877055	0.404038343871099
379.205770836031	0.4422534001739
379.215320017703	0.480747555202508
379.224868420801	0.411445194671361
379.234416044053	0.394892493317732
379.24396288619	0.427085457882929
379.25350894594	0.445559646618075
379.263054222032	0.415180823770624
379.272598713196	0.38829073499576
379.28214241816	0.395568770999495
379.291685335655	0.423478643580193
379.301227464409	0.403812917977178
379.310768803152	0.45092692980667
379.320309350612	0.412271756282405
379.329849105519	0.421718174694333
379.339388066602	0.43564090728555
379.348926232591	0.401236622046653
379.358463602214	0.431883809053533
379.368000174201	0.436456734330217
379.377535947281	0.420752063720386
379.387070920184	0.417510224674474
379.396605091638	0.408901102439967
379.406138460372	0.443616690103803
379.415671025117	0.481091061326578
379.425202784601	0.40617452258016
379.434733737553	0.480887104565411
379.444263882702	0.474714728898526
379.453793218779	0.464828193265133
379.463321744511	0.45146365812553
379.472849458629	0.460749058041801
379.482376359861	0.471687581180158
379.491902446936	0.4326996360982
379.501427718585	0.437938104490269
379.510952173536	0.474950889358824
379.520475810518	0.463421965069721
379.529998628261	0.458666552164625
379.539520625493	0.497332460255268
379.549041800944	0.4847515484612
379.558562153344	0.4949171828204
379.568081681421	0.468198847107571
379.577600383905	0.478622111059824
379.587118259524	0.475090438721728
379.596635307009	0.480103481219876
379.606151525088	0.466481316487221
379.61566691249	0.487209764161577
379.625181467945	0.454565947808538
379.634695190182	0.521871678993527
379.644208077931	0.499575984628101
379.653720129919	0.491879300535655
379.663231344878	0.544961731270865
379.672741721535	0.515752976158528
379.68225125862	0.489109782410339
379.691759954863	0.48891656021555
379.701267808991	0.526004487048746
379.710774819736	0.500026836415943
379.720280985826	0.49090245499533
379.72978630599	0.49900705261011
379.739290778957	0.498631342786908
379.748794403456	0.50848567472117
379.758297178218	0.485953819895445
379.76779910197	0.479684833131166
379.777300173443	0.505759094861363
379.786800391365	0.49484204085576
379.796299754466	0.491213757420269
379.805798261475	0.508743304314222
379.815295911121	0.545197891731163
379.824792702134	0.53359382547742
379.834288633242	0.510042186845862
379.843783703174	0.507487360048091
379.853277910661	0.53072769625471
379.862771254431	0.508421267322907
379.872263733213	0.523073950427772
379.881755345737	0.495958435758988
379.891246090732	0.515141105875028
379.900735966927	0.507229730455038
379.910224973051	0.497117768927724
379.919713107834	0.496462960378715
379.929200370005	0.5170840623893
379.938686758292	0.529675708749745
379.948172271426	0.502914434771407
379.957656908135	0.522075635754694
379.967140667149	0.512317914917827
379.976623547196	0.50917268696931
379.986105547007	0.51811458076151
379.99558666531	0.514400420795002
380.005066900835	0.535107399336604
380.01454625231	0.557843210923495
380.024024718465	0.505759094861363
380.033502298029	0.537866182895542
380.042978989732	0.531650868963148
380.052454792302	0.543641379606471
380.061929704469	0.535622658522709
380.071403724963	0.548686625803751
380.080876852511	0.570606610345975
380.090349085844	0.549770817007847
380.099820423691	0.550940884742961
380.10929086478	0.562051160943354
380.118760407842	0.537876917461919
380.128229051605	0.538896701267752
380.137696794798	0.538274096417875
380.147163636152	0.562705969492362
380.156629574394	0.567633135459493
380.166094608255	0.5793016091115
380.175558736463	0.560226284659231
380.185021957748	0.534323775991069
380.194484270838	0.645791513251822
380.203945674464	0.581126485395622
380.213406167354	0.59260173685284
380.222865748238	0.600427235741812
380.232324415844	0.639136082097964
380.241782168903	0.654261086123426
380.251239006143	0.605032364717627
380.260694926293	0.660916517277285
380.270149928082	0.699775647562717
380.279604010241	0.712077460630978
380.289057171497	0.66819455328102
380.298509410581	0.711004003993259
380.307960726222	0.758118015822751
380.317411117148	0.75720557768069
380.326860582089	0.767607372500188
380.336309119775	0.813594254860075
380.345756728933	0.840462874502184
380.355203408295	0.890636237749176
380.364649156588	0.907607587191515
380.374093972542	0.929323614972573
380.383537854887	0.974784503579978
380.392980802351	1
380.402422813664	0.98410210719538
380.411863887554	0.991616303659414
380.421304022752	0.998475691574439
380.430743217986	0.963738634777848
380.440181471986	0.950653198364052
380.449618783481	0.911042648432216
380.459055151199	0.884903979303756
380.468490573871	0.817705593782539
380.477925050225	0.761574546196206
380.487358578992	0.695052438356752
380.496791158898	0.606148759620855
380.506222788676	0.575565980012237
380.515653467052	0.618611591184774
380.525083192757	0.411090953980914
380.53451196452	0.359049776184291
380.543939781069	0.286462638341724
380.553366641135	0.251693377846002
380.562792543447	0.222849597990489
380.572217486733	0.19789173116352
380.581641469723	0.162306643623131
380.591064491146	0.132486018227294
380.600486549731	0.144433590605107
380.609907644208	0.0920274375516601
380.619327773306	0.113399959208648
380.628746935753	0.0881522590894941
380.63816513028	0.0947862211105982
380.647582355616	0.0948613630752386
380.656998610488	0.086123426044205
380.666413893628	0.104200435823395
380.675828203764	0.0855330248934594
380.685241539625	0.113324817244008
380.694653899941	0.0930042830919846
380.70406528344	0.100024689502668
380.713475688852	0.0867889691595908
380.722885114907	0.0788883283059781
380.732293560333	0.0783086617216097
380.741701023859	0.0698390888500059
380.751107504215	0.103030368088281
380.760513000131	0.110512360853183
380.769917510334	0.110286934959262
380.779321033555	0.0888929441695203
380.788723568523	0.0911149994095989
380.798125113967	0.0809815687495304
380.807525668615	0.0686582865485149
380.816925231199	0.110705583047973
380.826323800445	0.0602638556415514
380.835721375085	0.0851573150702578
380.845117953846	0.0772030013847591
380.854513535459	0.0559592945242977
380.863908118652	0.0514078383803687
380.873301702156	0.101130349839518
380.882694284697	0.0616056764387003
380.892085865007	0.0593621520658673
380.901476441815	0.0674345459815151
380.910866013848	0.0871432098500381
380.920254579838	0.0805951243599515
380.929642138512	0.0778041371018818
380.939028688601	0.0819047414579688
380.948414228833	0.0984896465107292
380.957798757938	0.103513423575255
380.967182274645	0.0683255149908219
380.976564777683	0.0928969374282126
380.985946265781	0.0815719699002759
380.995326737669	0.0757108966583295
381.004706192075	0.075625020127312
381.014084627729	0.0699679036465322
381.023462043361	0.0938630484021598
381.032838437699	0.0662108054145153
381.042213809472	0.0525779061154825
381.051588157411	0.070461693699883
381.060961480243	0.0780510321285572
381.070333776699	0.0915658511974409
381.079705045507	0.0581062077997359
381.089075285397	0.0501626286806145
381.098444495098	0.0890646972315554
381.107812673339	0.0923709436757302
381.117179818849	0.0965574245628348
381.126545930358	0.0547570230900523
381.135911006595	0.0968365232886418
381.145275046289	0.055132732913254
381.154638048169	0.0388805994181866
381.164000010964	0.0708696072222163
381.173360933405	0.0771922668183819
381.182720814219	0.0705368356645234
381.192079652136	0.0550039181167277
381.201437445886	0.0762046867116803
381.210794194197	0.0614124542439108
381.220149895799	0.0682503730261816
381.229504549421	0.0573977264188414
381.238858153792	0.0709984220187426
381.248210707642	0.0860053458140559
381.257562209699	0.0618096331998669
381.266912658693	0.0783945382526273
381.276262053353	0.0463840613158432
381.285610392409	0.071245317045418
381.294957674589	0.0837081486093369
381.304303898623	0.0829996672284424
381.31364906324	0.0658995029895768
381.322993167169	0.0840301856006527
381.332336209139	0.0726837489399616
381.34167818788	0.054177356505684
381.351019102121	0.0913618944362743
381.360358950591	0.0650836759449102
381.36969773202	0.0838584325386177
381.379035445136	0.0493575362023251
381.388372088668	0.0553581588071751
381.397707661347	0.0864347284691436
381.4070421619	0.0741221808345052
381.416375589058	0.0675096879461555
381.42570794155	0.049969406485825
381.435039218105	0.0959562888457121
381.444369417451	0.0746267054542333
381.453698538319	0.0630333737668668
381.463026579437	0.0699249653810235
381.472353539535	0.114591496076516
381.481679417342	0.0952263383320631
381.491004211587	0.0588254237470077
381.500327921	0.0518586901682107
381.509650544309	0.0849640928754683
381.518972080244	0.0833002350870037
381.528292527533	0.0622604849877089
381.537611884908	0.0866172160975558
381.546930151095	0.0711165022488917
381.556247324825	0.0991015167942292
381.565563404827	0.056592633940552
381.57487838983	0.0727803600373563
381.584192278564	0.0947754865442211
381.593505069757	0.0784589456508905
381.602816762139	0.0789527357042412
381.612127354439	0.0588468928797622
381.621436845386	0.102257479309123
381.630745233709	0.0533078566291315
381.640052518138	0.0780295629958028
381.649358697402	0.0699571690801551
381.65866377023	0.0922313943128268
381.667967735352	0.052384683920693
381.677270591496	0.0950760544027825
381.686572337392	0.0596949236235603
381.695872971768	0.0720182058245758
381.705172493355	0.0643000525993752
381.714470900881	0.0673808731496292
381.723768193076	0.0581598806316219
381.733064368669	0.0882488701868888
381.742359426388	0.0740792425689965
381.751653364965	0.0767628841632943
381.760946183126	0.0685831445838746
381.770237879602	0.100357461060361
381.779528453122	0.0980495292892644
381.788817902416	0.0631192502978842
381.798106226212	0.066586515237717
381.807393423239	0.0874008394430908
381.816679492227	0.0822375130156618
381.825964431905	0.073832347542321
381.835248241002	0.0711057676825145
381.844530918248	0.0697424777526113
381.853812462372	0.0932189744195284
381.863092872102	0.0739611623388473
381.872372146169	0.0744549523921982
381.881650283301	0.0747340511180052
381.890927282227	0.101559732494606
381.900203141678	0.0799188466781884
381.909477860381	0.0698498234163832
381.918751437066	0.0805414515280655
381.928023870463	0.114451946713613
381.937295159301	0.0662537436800241
381.946565302309	0.106218534302307
381.955834298215	0.0795860751204956
381.96510214575	0.0596949236235603
381.974368843642	0.0640316884399455
381.983634390622	0.0629689663686036
381.992898785417	0.0990800476614747
382.002162026757	0.0989190291658168
382.011424113372	0.0908573698165463
382.020685043991	0.0835041918481703
382.029944817342	0.0943353693227562
382.039203432155	0.0968687269877734
382.04846088716	0.0646757624225769
382.057717181085	0.0654379166353575
382.06697231266	0.104726429575877
382.076226280614	0.0790600813680131
382.085479083676	0.0800691306074692
382.094730720576	0.0662108054145153
382.103981190042	0.0793713837929517
382.113230490803	0.0776431186062239
382.12247862159	0.115729360112498
382.131725581132	0.0871002715845294
382.140971368156	0.0762368904108119
382.150215981394	0.0620565282265423
382.159459419573	0.075625020127312
382.168701681423	0.0419399508356861
382.177942765674	0.0854686174951964
382.187182671054	0.0858013890528892
382.196421396294	0.083149951157723
382.205658940121	0.0736927981794175
382.214895301265	0.0794035874920833
382.224130478456	0.0653842438034716
382.233364470423	0.0565389611086661
382.242597275894	0.070010841912041
382.2518288936	0.0897946477452043
382.261059322269	0.0839550436360124
382.27028856063	0.0503665854417812
382.279516607414	0.0621102010584283
382.288743461348	0.109438904215464
382.297969121162	0.081636377298539
382.307193585586	0.0525457024163509
382.316416853349	0.0608435222259197
382.325638923179	0.101591936193738
382.334859793807	0.0710628294170057
382.34407946396	0.0719430638599354
382.35329793237	0.053114634434342
382.362515197764	0.0551971403115172
382.371731258872	0.0728984402675054
382.380946114423	0.07708492115461
382.390159763147	0.0725119958779265
382.399372203772	0.0891935120280817
382.408583435028	0.0933048509505459
382.417793455644	0.0732634155243299
382.42700226435	0.0632373305280333
382.436209859874	0.105381238124886
382.445416240945	0.0746374400206104
382.454621406294	0.0555621155683416
382.463825354649	0.0735639833828913
382.473028084739	0.0634520218555772
382.482229595293	0.0685616754511202
382.491429885042	0.057880781905815
382.500628952714	0.0657277499275417
382.509826797037	0.0909754500466954
382.519023416743	0.0547248193909207
382.528218810559	0.0774498964114345
382.537412977215	0.0576875597110255
382.54660591544	0.0607254419957707
382.555797623963	0.0729091748338827
382.564988101514	0.0759148534194962
382.574177346822	0.0663825584765504
382.583365358615	0.0608757259250513
382.592552135624	0.0753673905342594
382.601737676578	0.0505705422029478
382.610921980205	0.0713633972755671
382.620105045235	0.0949901778717649
382.629286870397	0.0843629571583456
382.63846745442	0.0519230975664739
382.647646796034	0.0462552465193169
382.656824893968	0.0883240121515292
382.666001746951	0.0874330431422223
382.675177353711	0.0494756164324743
382.68435171298	0.0657384844939189
382.693524823485	0.103223590283071
382.702696683956	0.0752171066049788
382.711867293121	0.071867921895295
382.721036649712	0.0600062260484988
382.730204752455	0.0993484118209045
382.739371600082	0.0845561793531351
382.74853719132	0.0530394924697017
382.7577015249	0.0472750303251501
382.766864599549	0.0873686357439592
382.776026413999	0.0908251661174147
382.785186966977	0.0526101098146141
382.794346257214	0.0511287396545617
382.803504283437	0.0614339233766652
382.812661044378	0.0777826679691274
382.821816538763	0.0459224749616239
382.830970765324	0.0313127301222668
382.840123722789	0.0915658511974409
382.849275409888	0.123383105939436
382.858425825348	0.0559056216924117
382.867574967901	0.0510428631235441
382.876722836275	0.0543598441340963
382.885869429199	0.0873686357439592
382.895014745402	0.0741221808345052
382.904158783614	0.0451925244479749
382.913301542564	0.0600598988803847
382.922443020981	0.0308296746352932
382.931583217595	0.0720396749573301
382.940722131134	0.0456219071030626
382.949859760328	0.0784482110845133
382.958996103905	0.0636023057848578
382.968131160596	0.079553871421364
382.97726492913	0.0367014824436167
382.986397408235	0.0783945382526273
382.995528596641	0.0654486512017348
383.004658493077	0.0505705422029478
383.013787096272	0.0502055669461233
383.022914404956	0.0770741865882328
383.032040417857	0.0524168876198246
383.041165133706	0.0415964447116159
383.050288551231	0.0823555932458109
383.059410669161	0.0673808731496292
383.068531486226	0.0665543115385854
383.077651001154	0.0339534334510558
383.086769212676	0.0584282447910517
383.09588611952	0.070289940637848
383.105001720415	0.0600062260484988
383.114116014092	0.0706441813282953
383.123228999278	0.0516332642742896
383.132340674703	0.0725871378425669
383.141451039097	0.108107817984693
383.150560091188	0.0567107141707011
383.159667829706	0.0275771010230042
383.16877425338	0.0678746632029799
383.17787936094	0.0583423682600341
383.186983151114	0.0363687108859238
383.196085622631	0.0823126549803021
383.205186774222	0.0617774295007353
383.214286604614	0.0691520766018657
383.223385112538	0.0275341627574954
383.232482296723	0.0616700838369634
383.241578155897	0.0854578829288191
383.25067268879	0.065180287042305
383.259765894132	0.0411133892246423
383.268857770651	0.0267934776774693
383.277948317076	0.0321929645651964
383.287037532138	0.0452891355453697
383.296125414565	0.0306579215732581
383.305211963086	0.0451495861824662
383.31429717643	0.0445913887308523
383.323381053327	0.0221239413033911
383.332463592507	0.0290692057494338
383.341544792697	0.0601028371458935
383.350624652628	0.0642678489002437
383.359703171029	0.056420880878517
383.368780346628	0.0278884034479427
383.377856178155	0.0518801593009651
383.38693066434	0.0612621703146302
383.396003803911	0.0351127666197924
383.405075595598	0.0414139570832036
383.41414603813	0.0407376794014406
383.423215130236	0.0990585785287203
383.432282870646	0.073886020374207
383.441349258088	0.0496366349281321
383.450414291292	0.0526208443809913
383.459477968987	0.0460083514926415
383.468540289902	0.0549073070193329
383.477601252767	0.055132732913254
383.486660856311	0.0319031312730123
383.495719099262	0.0696888049207253
383.504775980351	0.0661571325826293
383.513831498306	0.0296810760329337
383.522885651856	0.0407376794014406
383.531938439731	0.065802891892182
383.540989860661	0.0754425324988997
383.550039913373	0.0346833839647048
383.559088596598	0.0300782549888898
383.568135909065	0.0618847751645072
383.577181849503	0.10888070676385
383.58622641664	0.0764515817383558
383.595269609207	0.0411885311892827
383.604311425933	0.056367208046631
383.613351865546	0.070687119593804
383.622390926777	0.0291550822804513
383.631428608353	0.0460190860590187
383.640464909006	0.0584711830565605
383.649499827462	0.0587610163487446
383.658533362453	0.0631836576961474
383.667565512706	0.0616700838369634
383.676596276952	0.0371415996650815
383.68562565392	0.0488852152817287
383.694653642338	0.0319782732376526
383.703680240936	0.0612729048810074
383.712705448444	0.0270403727041447
383.72172926359	0.0630977811651298
383.730751685103	0.0548214304883155
383.739772711713	0.0174651394956902
383.74879234215	0.0386873772233971
383.757810575141	0.0495614929634918
383.766827409418	0.0341573902122225
383.775842843707	0.0184634541687689
383.78485687674	0.0439902530137295
383.793869507245	0.0543598441340963
383.802880733952	0.011282029262428
383.811890555588	0.0174758740620673
383.820898970885	0.060746911128525
383.829905978571	0.0602531210751742
383.838911577375	0.0256234099423555
383.847915766027	0.0431958951018174
383.856918543255	0.0263748295887588
383.865919907789	0.0761188101806628
383.874919858358	0.0141052202196293
383.883918393692	0.028017218244469
383.892915512519	0.0876155307706346
383.901911213569	0.0330302607426174
383.910905495571	0.0388698648518093
383.919898357255	0.0496795731936409
383.928889797348	0.0498191225565444
383.937879814581	0.019483237974602
383.946868407684	0.0125701772276909
383.955855575384	0.00645147439269195
383.964841316412	0.072254366284874
383.973825629496	0.046373326749466
383.982808513366	0.0245928915701451
383.991789966751	0.0316132979808281
384.00076998838	0.0208465279045054
384.009748576983	0.0492287214057988
384.018725731288	0.0336099273269857
384.027701450025	0.0497547151582812
384.036675731923	0.056699979604324
384.045648575712	0.0240776323840399
384.05461998012	0.0504846656719302
384.063589943876	0.0386122352587568
384.072558465711	0.0484987708921498
384.081525544353	0.038794722887169
384.090491178531	0.0504631965391758
384.099455366975	0.0202990650192686
384.108418108414	0.086348851938126
384.117379401576	0.0613373122792705
384.126339245192	0.0213510525242333
384.135297637991	0.0405444572066512
384.144254578701	0.0580310658350956
384.153210066052	0.0612299666154986
384.162164098774	0.0354348036111082
384.171116675594	0.0628616207048317
384.180067795244	0.041317345985809
384.18901745645	0.0461586354219221
384.197965657945	0.0451281170497118
384.206912398455	0.0518694247345879
384.215857676711	0.0626576639436651
384.224801491441	0.046265981085694
384.233743841375	0.0454608886074047
384.242684725243	0.0367551552755027
384.251624141773	0.058782485481499
384.260562089694	0.0316132979808281
384.269498567736	0.0420258273667035
384.278433574628	0.0212651759932158
384.2873671091	0.0659531758214627
384.29629916988	0.0662966819455328
384.305229755697	0.0400399325869231
384.314158865281	0.0514185729467458
384.323086497362	0.040200951082581
384.332012650668	0.0714063355410759
384.340937323928	0.0269866998722587
384.349860515872	0.0322466373970824
384.358782225229	0.0373026181607394
384.367702450728	0.0615197999076828
384.376621191099	0.0299601747587407
384.38553844507	0.0320104769367842
384.394454211371	0.0981139366875275
384.403368488731	0.0316991745118456
384.41228127588	0.0132679240422084
384.421192571546	0.0262460147922325
384.430102374458	0.0909861846130726
384.439010683347	0.0355206801421257
384.44791749694	0.0402760930472214
384.456822813969	0.0559270908251661
384.465726633161	0.0561095784535784
384.474628953245	0.0519553012656054
384.483529772952	0.00325257361228895
384.49242909101	0.038397543931213
384.501326906148	0.0245284841718819
384.510223217096	0.0526423135137457
384.519118022583	0.0659961140869715
384.528011321338	0.0548643687538242
384.53690311209	0.0513541655484827
384.545793393569	0.0570649548611484
384.554682164504	0.0433676481638524
384.563569423624	0.0516869371061756
384.572455169658	0.0825702845733547
384.581339401336	0.0283607243685392
384.590222117386	0.0287256996253637
384.599103316538	0.0308726129008019
384.607982997521	0.0712131133462864
384.616861159064	0.06153053447406
384.625737799897	0.0285324774305742
384.634612918749	0.00940348014641952
384.643486514349	0.0463411230503345
384.652358585426	0.0510213939907898
384.661229130709	0.0357890443015555
384.670098148929	0.0339963717165646
384.678965638812	0.0502270360788777
384.68783159909	0.0200199662934616
384.696696028492	0.0454394194746503
384.705558925746	0.0384297476303445
384.714420289581	0.0593299483667358
384.723280118728	0.023132990542847
384.732138411914	0.0397930375602478
384.74099516787	0.0550683255149908
384.749850385325	0.0297669525639512
384.758704063008	0.0636345094839894
384.767556199647	0.0173255901327866
384.776406793973	0.0268578850757324
384.785255844715	0.0271799220670482
384.794103350601	0.0038215056302801
384.802949310361	0.0429275309423876
384.811793722724	0.055132732913254
384.820636586419	0.0773532853140398
384.829477900176	0.0330839335745033
384.838317662724	0.0171860407698831
384.847155872792	0.0162950717605762
384.855992529109	0.0275985701557586
384.864827630405	0.0182917011067339
384.873661175408	0.0349624826905118
384.882493162849	0.0183239048058654
384.891323591455	0.0553044859752891
384.900152459957	0.0301426623871529
384.908979767083	0.0313556683877755
384.917805511563	0.0417359940745194
384.926629692126	0.0606288308983759
384.935452307501	0.0637418551477613
384.944273356418	0.0242923237115837
384.953092837605	0.0269544961731271
384.961910749792	0.0634412872892
384.970727091709	0.0577949053747974
384.979541862084	0.0417467286408966
384.988355059646	0.0125809117940682
384.997166683124	0.0460834934572818
385.005976731249	0.0578700473394378
385.01478520275	0.0306686561396353
385.023592096354	0.0220702684715051
385.032397410792	0.0313771375205299
385.041201144793	0.0793391800938201
385.050003297086	0.0143091769807959
385.058803866401	0.0242815891452066
385.067602851465	0.0457185182004574
385.07640025101	0.0818510686260828
385.085196063763	0.0381721180372919
385.093990288455	0.0389020685509409
385.102782923814	0.0279420762798287
385.11157396857	0.0407162102686862
385.120363421451	0.0308940820335563
385.129151281188	0.0336958038580032
385.137937546509	0.076354970640961
385.146722216143	0.0325794089547753
385.15550528882	0.0466309563425186
385.164286763269	0.0382472600019322
385.173066638219	0.0522988073896756
385.181844912399	0.0629152935367176
385.190621584539	0.016563435920006
385.199396653368	0.013418207971489
385.208170117614	0.0642463797674893
385.216941976008	0.0407698831005722
385.225712227279	0.0265358480844167
385.234480870155	0.0661249288834977
385.243247903366	0.0619921208282791
385.252013325641	0.0745515634895928
385.260777135709	0.0297240142984425
385.2695393323	0.0488315424498428
385.278299914143	0.0558734179932802
385.287058879967	0.0423908026235281
385.295816228501	0.0481552647680797
385.304571958474	0.0485846474231674
385.313326068616	0.0591796644374551
385.322078557656	0.0407376794014406
385.330829424323	0.040254623914467
385.339578667346	0.0376031860193008
385.348326285455	0.0437862962525629
385.357072277379	0.0414461607823352
385.365816641846	0.0570434857283941
385.374559377587	0.0446557961291154
385.38330048333	0.041435426215958
385.392039957805	0.0861878334424681
385.40077779974	0.0470388698648519
385.409514007866	0.0623463615187265
385.41824858091	0.0735532488165141
385.426981517604	0.0329336496452226
385.435712816675	0.0620565282265423
385.444442476853	0.0491535794411585
385.453170496867	0.0830640746267055
385.461896875446	0.0317957856092404
385.47062161132	0.0166600470174008
385.479344703218	0.0288867181210215
385.488066149869	0.0164238865571025
385.496785950003	0.0552400785770259
385.505504102347	0.057548010348122
385.514220605632	0.0177442382214971
385.522935458588	0.0564745537104029
385.531648659942	0.0696243975224621
385.540360208425	0.0204493489485492
385.549070102765	0.0330409953089945
385.557778341692	0.0184849233015233
385.566484923935	0.0389557413828269
385.575189848223	0.0181736208765847
385.583893113286	0
385.592594717852	0.0653091018388313
385.601294660652	0.0233691510031453
385.609992940413	0.00155651212469272
385.618689555866	0.0172075099026375
385.627384505739	0.0320963534678017
385.636077788762	0.0489710918127463
385.644769403664	0.0326545509194157
385.653459349174	0.0218448425775841
385.662147624021	0.00208250587717515
385.670834226935	0.0301748660862845
385.679519156645	0.0354670073102398
385.68820241188	0.0183131702394882
385.69688399137	0.0563994117457626
385.705563893843	0.0649870648475155
385.714242118028	0.0241527743486802
385.722918662656	0.0537372392842191
385.731593526454	0.0988224180684222
385.740266708154	0.0370557231340641
385.748938206482	0.0223708363300665
385.75760802017	0.0261171999957062
385.766276147945	0.0197301330012774
385.774942588538	0.0151035348927081
385.783607340677	0.0235838423306891
385.792270403092	0.0212115031613298
385.800931774512	0.0249900705261011
385.809591453666	0.0186888800626899
385.818249439284	0.0198911514969353
385.826905730094	0.0213081142587245
385.835560324826	0.0750560881093209
385.844213222208	0.0294878538381443
385.852864420971	0.0251618235881362
385.861513919844	0.0116040662537437
