360.558767371769	0.0371351712141744
360.567407239271	0.0296784719834415
360.576048813846	0.0127087504972256
360.584692094222	0.0177720245680036
360.59333707913	0.0324157413213055
360.601983767298	0.0201519656425504
360.610632157456	0.0123514222339084
360.619282248333	0.0022248740923525
360.627934038658	0.0629639368135757
360.63658752716	0.0441873478826615
360.645242712568	0.00666788023435338
360.653899593613	0.00300020900332383
360.662558169022	0.0351462686164654
360.671218437526	0.0150010450166191
360.679880397853	0.00965460515226902
360.688544048732	0.0187698468882102
360.697209388894	0.0614537192478577
360.705876417066	0.0322269641255908
360.714545131979	0.00822529209900015
360.723215532361	0.0143403248316175
360.731887616942	0.0260512530086365
360.740561384451	0.0268872663039447
360.749236833617	0.0140099647391166
360.75791396317	0.00542734437679928
360.766592771838	0.0132683400416658
360.775273258351	0.0362249954491211
360.783955421438	0.0123177120203879
360.792639259828	0.0206373927172454
360.801324772251	0.0295166629585431
360.810011957435	0.0318561517768653
360.81870081411	0.00647236099593455
360.827391341006	0.0134368911092682
360.836083536851	0.0240084140692947
360.844777400374	0.0246758762970005
360.853472930305	0.00701846645496649
360.862170125373	0.0109962716503846
360.870868984308	0.0323078686380399
360.879569505837	0.0401556063456106
360.888271688692	0.0191474012796397
360.8969755316	0.00716679139445664
360.905681033292	0.0241904492223053
360.914388192496	0.0203137746674487
360.923097007941	0.0129716901626855
360.931807478357	0.00672855861869024
360.940519602473	0.0289907836276235
360.949233379018	0.0299616377770137
360.957948806722	0.00679597904573123
360.966665884314	0.0124323267463576
360.975384610522	0.0272715627380784
360.984104984076	0.0125536835150314
360.992827003706	0.00883881798507308
361.00155066814	0.0456368870640426
361.010275976108	0.0190462706390782
361.019002926339	0.029031235883848
361.027731517562	0.00987709256150428
361.036461748506	0.0271636900548128
361.045193617901	0.01054455478921
361.053927124476	0.026017542795116
361.06266226696	0.0161876445325404
361.071399044082	0.0233611779697013
361.080137454571	0.0503967692131362
361.088877497158	0.0450840395623066
361.09761917057	0.016430358069888
361.106362473537	0.000424748690358156
361.115107404789	0.0240758344963357
361.123853963055	0.0429063597688827
361.132602147063	0.0121761291236018
361.141351955543	0.0126952664118174
361.150103387225	0.0237454744038349
361.158856440836	0.0165180046250413
361.167611115108	0.0147920416927921
361.176367408769	0.0258220235566972
361.185125320547	0.042650162146127
361.193884849173	0.0297324083250743
361.202645993376	0.0174753746890233
361.211408751884	0.0161471922763159
361.220173123427	0.0423602543098507
361.228939106735	0.0480370542667017
361.237706700536	0.0105917490881387
361.246475903559	0.0146302326678937
361.255246714535	0.0156954754151412
361.264019132191	0.0195249556710692
361.272793155258	0.00932424505976816
361.281568782465	0.0089332065829305
361.29034601254	0.0284379361258874
361.299124844213	0.0218779285747996
361.307905276213	0.0197069908240798
361.31668730727	0.0187428787173938
361.325470936112	0.0418680851924516
361.33425616147	0.0443491569075598
361.343042982071	0.0230847542188332
361.351831396646	0.0338113441610539
361.360621403923	0.0507069031775247
361.369413002631	0.0215745366531152
361.378206191501	0.0146639428814142
361.387000969261	0.0148864302906494
361.39579733464	0.0517451777539559
361.404595286368	0.0527564841595707
361.413394823174	0.00123379381484997
361.422195943787	0.0121693870808978
361.430998646936	0.032860716139776
361.43980293135	0.0315662439405891
361.448608795759	0.0103490355507912
361.457416238892	0.0134503751946765
361.466225259479	0.0386251626517802
361.475035856247	0.0293278857628284
361.483848027927	0.013349244554115
361.492661773248	0.026765909535271
361.501477090939	0.0375734039899408
361.510293979729	0.0357126002036097
361.519112438348	0.0307706829015055
361.527932465524	0.0310336225669653
361.536754059988	0.0314651133000276
361.545577220467	0.0477741146012418
361.554401945692	0.0296582458553292
361.563228234391	0.0457515017900123
361.572056085294	0.0326921650721735
361.58088549713	0.0632808128206684
361.589716468628	0.0430074904094442
361.598548998517	0.0377621811856556
361.607383085527	0.0661664070980225
361.616218728387	0.0728073191615595
361.625055925827	0.0527497421168665
361.633894676574	0.0543408641950338
361.642734979359	0.0612919102229593
361.651576832911	0.0343035132784531
361.660420235958	0.0399937973207122
361.669265187231	0.0360901545950392
361.678111685458	0.0623706370556151
361.686959729369	0.0527901943730912
361.695809317693	0.0425422894628615
361.704660449159	0.0426029678471983
361.713513122496	0.0683710550622627
361.722367336433	0.0621953439453085
361.7312230897	0.0318022154352326
361.740080381026	0.0256939247453193
361.748939209141	0.0827181219365843
361.757799572772	0.047025747861087
361.766661470651	0.0434457231852106
361.775524901505	0.0286064871934898
361.784389864064	0.0429400699824032
361.793256357057	0.05092939058676
361.802124379214	0.0406410334203056
361.810993929263	0.031694342751967
361.819865005935	0.0453132690142459
361.828737607957	0.0509091644586476
361.83761173406	0.0277030534711407
361.846487382972	0.0322337061682948
361.855364553424	0.0369194258476433
361.864243244143	0.0618043054684708
361.873123453859	0.0261658677346062
361.882005181302	0.024163481051489
361.8908884252	0.0533025896186026
361.899773184284	0.038611678566372
361.908659457281	0.0253770487382267
361.917547242922	0.0190597547244864
361.926436539935	0.053329557789419
361.93532734705	0.0318022154352326
361.944219662996	0.0328742002251842
361.953113486503	0.0373239484098892
361.962008816298	0.0600648584508134
361.970905651113	0.0347147778834031
361.979803989675	0.0220667057705143
361.988703830714	0.00953324838359524
361.997605172959	0.042373738395259
362.00650801514	0.0603682503724978
362.015412355986	0.015263984682079
362.024318194226	0.0357935047160588
362.033225528588	0.0309122657982916
362.042134357804	0.0387262932923417
362.0510446806	0.0349372652926383
362.059956495708	0.0257748292577685
362.068869801856	0.0122030972944183
362.077784597773	0.0306223579620153
362.086700882188	0.0148190098636084
362.095618653831	0.0115626032375289
362.104537911431	0.0430007483667401
362.113458653717	0.0362317374918252
362.122380879419	0.0228487827241897
362.131304587265	0.0195519238418856
362.140229775985	0.0547993230989125
362.149156444307	0.0445109659324582
362.158084590963	0.0177922506961159
362.167014214679	0.0119064474154379
362.175945314186	0.0360294762107023
362.184877888214	0.0632740707779643
362.19381193549	0.0228824929377102
362.202747454744	0.00509024224159436
362.211684444706	0.0286739076205308
362.220622904105	0.0494865934480829
362.22956283167	0.0291795608233382
362.23850422613	0.0200440929592848
362.247447086215	0.0214801480552577
362.256391410653	0.0573747834118781
362.265337198174	0.0217296036353094
362.274284447507	0.0187833309736184
362.283233157381	0.035119300445649
362.292183326526	0.0817000734882654
362.301134953671	0.0082994545687452
362.310088037545	0.00344518382179429
362.319042576876	0.0307639408588014
362.327998570396	0.0285592928945612
362.336956016831	0.0139425443120756
362.345914914913	0.00752411965777388
362.35487526337	0.0399600871071917
362.363837060931	0.0479291815834361
362.372800306325	0.00684991538736403
362.381764998282	0.0147178792230469
362.390731135531	0.0359283455701408
362.399698716802	0.0173809860911659
362.408667740822	0.0203879371371938
362.417638206323	0.0177383143544831
362.426610112032	0.0397915360395893
362.435583456679	0.0318089574779366
362.444558238993	0.0157831219702945
362.453534457704	0.0197878953365291
362.46251211154	0.035254141299731
362.471491199232	0.0347147778834031
362.480471719507	0.0088253338996649
362.489453671096	0.0176371837139216
362.498437052727	0.0547251606291674
362.50742186313	0.0282963532291013
362.516408101035	0.00954673246900342
362.525395765169	0.0204283893934184
362.534384854263	0.0394814020752007
362.543375367045	0.0394611759470884
362.552367302246	0.0331169137625318
362.561360658593	0.0145088758992199
362.570355434817	0.0307167465598727
362.579351629646	0.0196800226532635
362.58834924181	0.0254444691652677
362.597348270038	0.0251275931581751
362.606348713059	0.023280273457252
362.615350569603	0.0203474848809692
362.624353838398	0.0274131456348644
362.633358518175	0.0191069490234151
362.642364607661	0.0336495351361555
362.651372105586	0.0393465612211187
362.66038101068	0.019713732866784
362.669391321672	0.034708035840699
362.678403037291	0.038544258139331
362.687416156265	0.0451582020320516
362.696430677326	0.025808539471289
362.7054465992	0.035874409228508
362.714463920619	0.0307032624744645
362.723482640311	0.0427917450429131
362.732502757005	0.0300762525029833
362.74152426943	0.0263681290157291
362.750547176316	0.0543408641950338
362.759571476392	0.0576849173762666
362.768597168387	0.0152774687674871
362.777624251031	0.015810090141111
362.786652723052	0.0297930867094112
362.79568258318	0.0418680851924516
362.804713830144	0.0249455580051644
362.813746462673	0.0325101299191629
362.822780479497	0.0187024264611692
362.831815879344	0.0440862172421
362.840852660944	0.0354564025808539
362.849890823027	0.0154932141340183
362.85893036432	0.0658293049628176
362.867971283554	0.0366699702675916
362.877013579458	0.0175495371587683
362.886057250761	0.0275277603608341
362.895102296192	0.0325573242180916
362.904148714481	0.0311617213783432
362.913196504356	0.0270760434996595
362.922245664547	0.0295099209158391
362.931296193783	0.0718364650121694
362.940348090794	0.0529385193125813
362.949401354308	0.021014947108675
362.958455983054	0.0199362202760192
362.967511975763	0.0525677069638559
362.976569331163	0.0488191312203771
362.985628047983	0.031970766502835
362.994688124953	0.0377419550575433
363.003749560802	0.036690196395704
363.012812354259	0.060995260343979
363.021876504053	0.0159786412087134
363.030942008913	0.0299481536916055
363.04000886757	0.0397982780822933
363.049077078751	0.0361036386804474
363.058146641186	0.0253365964820021
363.067217553605	0.028822232560021
363.076289814736	0.0469718115194541
363.085363423309	0.0618110475111749
363.094438378053	0.0231724007739865
363.103514677698	0.023617375592457
363.112592320972	0.0464054799323098
363.121671306604	0.0702251168058898
363.130751633325	0.0197272169521921
363.139833299862	0.0116502497926821
363.148916304946	0.0445177079751623
363.158000647306	0.0650741961799586
363.16708632567	0.0233544359269971
363.176173338768	0.0282424168874685
363.18526168533	0.0414837887583179
363.194351364084	0.0441940899253656
363.203442373759	0.0289772995422153
363.212534713086	0.0242780957774586
363.221628380792	0.0523587036400288
363.230723375608	0.0349979436769752
363.239819696263	0.0305953897911989
363.248917341485	0.0344518382179433
363.258016310004	0.0516305630279862
363.26711660055	0.0412208490928581
363.27621821185	0.0369733621892761
363.285321142636	0.0373981108796343
363.294425391635	0.0558308556326395
363.303530957577	0.0495472718324198
363.312637839192	0.0254242430371554
363.321746035208	0.0292739494211956
363.330855544355	0.0295234050012473
363.339966365362	0.0437491151068951
363.349078496958	0.0410320718971434
363.358191937872	0.0253905328236349
363.367306686834	0.0394274657335679
363.376422742573	0.0607390627212233
363.385540103818	0.0228487827241897
363.394658769298	0.0322876425099276
363.403778737742	0.0447941317260303
363.412900007881	0.0617773372976544
363.422022578442	0.0252152397133283
363.431146448155	0.0354092082819252
363.44027161575	0.0453469792277664
363.449398079955	0.0356451797765687
363.4585258395	0.0328674581824801
363.467654893114	0.0325573242180916
363.476785239527	0.0767514141434572
363.485916877466	0.0402162847299475
363.495049805663	0.0280131874355292
363.504184022845	0.0482865098467534
363.513319527743	0.036622775968663
363.522456319085	0.038611678566372
363.5315943956	0.0341754144670752
363.540733756018	0.0311347532075268
363.549874399068	0.03724304389744
363.55901632348	0.0451312338612353
363.568159527981	0.0297728605812989
363.577304011303	0.0362519636199376
363.586449772173	0.0420568623881663
363.595596809321	0.0621144394328593
363.604745121477	0.0249253318770521
363.613894707369	0.0391240738118835
363.623045565727	0.048812389177673
363.63219769528	0.0840260782211794
363.641351094757	0.033818086203758
363.650505762887	0.0635437524861282
363.659661698401	0.0717555604997202
363.668818900025	0.0841137247763327
363.677977366491	0.0284514202112956
363.687137096528	0.0427917450429131
363.696298088863	0.0614402351624495
363.705460342228	0.0557836613337109
363.71462385535	0.0308987817128833
363.72378862696	0.0412680433917868
363.732954655786	0.0503428328715034
363.742121940557	0.0582445069207068
363.751290480004	0.0351125584029449
363.760460272854	0.0342226087660039
363.769631317838	0.0687620935391004
363.778803613684	0.0423602543098507
363.787977159122	0.0246151979126635
363.79715195288	0.0374250790504507
363.806327993689	0.0408163265306122
363.815505280277	0.0615076555894905
363.824683811374	0.0390364272567302
363.833863585709	0.024439904802357
363.84304460201	0.0341214781254424
363.852226859008	0.0523384775119165
363.861410355431	0.0523654456827329
363.870595090009	0.040115154089386
363.879781061471	0.0457245336191959
363.888968268545	0.0714184583645152
363.898156709962	0.0322674163818153
363.907346384451	0.0345394847730965
363.916537290741	0.0446660329146525
363.92572942756	0.0224105499484233
363.934922793639	0.0541453449566149
363.944117387706	0.0527430000741624
363.95331320849	0.040317415370509
363.962510254722	0.090019754185123
363.971708525129	0.0347215199261072
363.980908018442	0.0512260404657403
363.99010873339	0.0466549355123615
363.999310668701	0.063253844649852
364.008513823105	0.0349102971218219
364.017718195331	0.0457177915764918
364.026923784109	0.0617638532122462
364.036130588167	0.0460818618825132
364.045338606235	0.0414433365020934
364.054547837042	0.0279659931366005
364.063758279318	0.0571927482588674
364.07296993179	0.0398387303385179
364.08218279319	0.0408635208295409
364.091396862246	0.0441401535837328
364.100612137686	0.0600985686643339
364.109828618241	0.0639550170910782
364.11904630264	0.0365958077978465
364.128265189611	0.0409444253419901
364.137485277884	0.0620739871766348
364.146706566189	0.0610087444293872
364.155929053254	0.0430007483667401
364.165152737809	0.0375464358191245
364.174377618583	0.0475179169784861
364.183603694304	0.0658023367920012
364.192830963703	0.0377824073137679
364.202059425509	0.0453132690142459
364.211289078451	0.0444772557189377
364.220519921257	0.0546577402021264
364.229751952658	0.062842580044902
364.238985171382	0.0447806476406221
364.248219576158	0.0432367198613835
364.257455165717	0.0755648146275358
364.266691938787	0.0517923720528846
364.275929894097	0.0496888547292059
364.285169030376	0.0736905267557965
364.294409346354	0.0506934190921165
364.303650840761	0.0600850845789257
364.312893512324	0.0379105061251458
364.322137359774	0.0691194218024177
364.331382381839	0.0684182493611914
364.340628577249	0.0337236976059006
364.349875944734	0.0430546847083729
364.359124483021	0.0771020003640703
364.368374190841	0.0564174133478961
364.377625066923	0.0244196786742447
364.386877109996	0.0367845849935613
364.396130318789	0.0497562751562468
364.405384692031	0.0433513345873533
364.414640228452	0.0288020064319087
364.423896926781	0.0304133546381882
364.433154785746	0.0498911160103288
364.442413804078	0.0602873458600487
364.451673980506	0.0263411608449128
364.460935313758	0.0246826183397045
364.470197802564	0.0666113819164931
364.479461445653	0.042515321292045
364.488726241754	0.034370933705494
364.497992189598	0.0608064831482642
364.507259287912	0.0411129764095925
364.516527535425	0.0480640224375181
364.525796930868	0.0384566115841777
364.53506747297	0.0446727749573565
364.544339160459	0.0333933375133998
364.553611992065	0.0632066503509233
364.562885966517	0.0376408244169818
364.572161082545	0.0402769631142843
364.581437338877	0.028957073414103
364.590714734243	0.045454851911032
364.599993267372	0.033339401171767
364.609272936993	0.0376543085023901
364.618553741835	0.036555355541622
364.627835680628	0.0380790571927482
364.637118752101	0.0313842087875785
364.646402954983	0.0293413698482366
364.655688288003	0.0500596670779313
364.664974749891	0.0571590380453469
364.674262339375	0.0220599637278102
364.683551055186	0.0247028444678168
364.692840896052	0.0372497859401441
364.702131860702	0.0576984014616748
364.711423947865	0.0452795588007254
364.720717156272	0.0395488225022417
364.73001148465	0.0466481934696574
364.73930693173	0.0479831179250689
364.74860349624	0.0473358818254754
364.75790117691	0.0438502457474565
364.767199972469	0.0570781335328978
364.776499881646	0.066200117311543
364.78580090317	0.0411736547939294
364.795103035771	0.0433783027581696
364.804406278178	0.035867667185804
364.81371062912	0.0408298106160204
364.823016087326	0.0318224415633449
364.832322651526	0.039157784025404
364.841630320448	0.0376138562461654
364.850939092822	0.0621144394328593
364.860248967377	0.0319437983320186
364.869559942843	0.0385847103955556
364.878872017948	0.0494596252772665
364.888185191421	0.0530329079104387
364.897499461993	0.0456166609359303
364.906814828392	0.0274401138056808
364.916131289348	0.061406524948929
364.925448843589	0.0287076178340513
364.934767489845	0.0282559009728767
364.944087226845	0.0355440491360072
364.953408053318	0.0442008319680696
364.962729967994	0.06996217714043
364.972052969602	0.0268805242612407
364.981377056871	0.0402702210715802
364.99070222853	0.0382543503030548
365.000028483308	0.0453402371850623
365.009355819935	0.0252084976706242
365.018684237139	0.0374385631358589
365.028013733651	0.0421647350714319
365.037344308199	0.0607323206785191
365.046675959513	0.0421647350714319
365.056008686321	0.0471471046297607
365.065342487353	0.0419287635767885
365.074677361338	0.033548404495594
365.084013307006	0.0374790153920835
365.093350323085	0.0441131854129164
365.102688408306	0.0648921610269479
365.112027561396	0.0278176681971103
365.121367781085	0.0313033042751292
365.130709066103	0.0334540158977367
365.140051415179	0.0443019626086311
365.149394827041	0.0715465571758931
365.15873930042	0.0330427512927867
365.168084834044	0.0369868462746843
365.177431426642	0.0524463501951821
365.186779076945	0.053329557789419
365.19612778368	0.0519811492485993
365.205477545578	0.035051880018608
365.214828361367	0.0688092878380291
365.224180229776	0.0384229013706573
365.233533149536	0.0568151938674379
365.242887119375	0.043607532210109
365.252242138022	0.0501405715903804
365.261598204206	0.0439581184307221
365.270955316657	0.0561881838959568
365.280313474105	0.0432164937332713
365.289672675277	0.0487719369214484
365.299032918904	0.0628358380021979
365.308394203715	0.0548600014832494
365.317756528438	0.0467762922810353
365.327119891804	0.0644943805074061
365.33648429254	0.0650944223080709
365.345849729378	0.0382745764311671
365.355216201045	0.0389622647869851
365.364583706271	0.0400544757050491
365.373952243785	0.084680056363477
365.383321812316	0.0349979436769752
365.392692410594	0.041416368331277
365.402064037348	0.066955226094402
365.411436691307	0.0469246172205255
365.420810371201	0.0343304814492695
365.430185075757	0.0448548101103672
365.439560803707	0.0388409080183114
365.448937553778	0.0656000755108783
365.458315324701	0.0529250352271731
365.467694115204	0.0468706808788927
365.477073924016	0.0500326989071148
365.486454749868	0.0563499929208551
365.495836591487	0.0506934190921165
365.505219447603	0.034229350808708
365.514603316947	0.0672383918879742
365.523988198245	0.0743175367272776
365.533374090229	0.0447536794698057
365.542760991627	0.0461897345657787
365.552148901168	0.0718499490975776
365.561537817581	0.0877881380500664
365.570927739597	0.0428389393418418
365.580318665943	0.0460481516689927
365.58971059535	0.0534441725153887
365.599103526546	0.0842215974595983
365.60849745826	0.041005103726327
365.617892389223	0.0480842485656304
365.627288318163	0.0504304794266567
365.636685243808	0.056956776764224
365.64608316489	0.0355777593495277
365.655482080136	0.0570579074047854
365.664881988276	0.0622020859880126
365.67428288804	0.047720178259609
365.683684778156	0.0377486971002474
365.693087657353	0.0343035132784531
365.702491524361	0.0501945079320132
365.71189637791	0.0676429144502201
365.721302216727	0.0536801440100321
365.730709039543	0.0543476062377379
365.740116845087	0.0487449687506321
365.749525632088	0.0782885998799916
365.758935399275	0.0583860898174929
365.768346145377	0.0519878912913034
365.777757869124	0.0763603756666194
365.787170569245	0.0676901087491488
365.796584244468	0.0445986124876115
365.805998893525	0.0661057287136857
365.815414515142	0.0632942969060765
365.82483110805	0.072908449802121
365.834248670978	0.047032489903791
365.843667202656	0.0524800604087026
365.853086701811	0.048879809604714
365.862507167174	0.0505383521099222
365.871928597474	0.0541318608712067
365.88135099144	0.0491764594836943
365.890774347801	0.0465807730426164
365.900198665287	0.0815652326341834
365.909623942626	0.0593232337533626
365.919050178548	0.0479359236261402
365.928477371783	0.0618312736392872
365.937905521058	0.0505855464088509
365.947334625104	0.0611570693688773
365.95676468265	0.0419085374486762
365.966195692425	0.0581366342374412
365.975627653158	0.0809989010470392
365.985060563579	0.0621481496463798
365.994494422416	0.0499517943946657
366.003929228399	0.0419017954059721
366.013364980257	0.0600783425362216
366.022801676719	0.058736676038106
366.032239316515	0.0497562751562468
366.041677898374	0.0597749506145372
366.051117421025	0.0620537610485224
366.060557883196	0.054698192458351
366.069999283619	0.047713436216905
366.07944162102	0.0506799350067083
366.088884894131	0.061130101198061
366.09832910168	0.0593906541804035
366.107774242395	0.0491157810993575
366.117220315008	0.082630475381431
366.126667318246	0.0578602104865732
366.136115250839	0.0556825306931494
366.145564111516	0.0596468518031593
366.155013899007	0.0636853353829143
366.16446461204	0.0589659054900453
366.173916249345	0.0591007463441273
366.183368809651	0.0564983178603453
366.192822291687	0.0673732327420561
366.202276694183	0.073933240293144
366.211732015867	0.0731713894675808
366.221188255469	0.0638404023651085
366.230645411719	0.0743310208126858
366.240103483345	0.0911524173594115
366.249562469076	0.060995260343979
366.259022367642	0.0541790551701354
366.268483177772	0.0731376792540603
366.277944898195	0.0831428706269425
366.287407527641	0.0441401535837328
366.296871064838	0.0446795170000607
366.306335508516	0.0596198836323429
366.315800857405	0.0636853353829143
366.325267110232	0.0658293049628176
366.334734265729	0.0490348765869082
366.344202322622	0.0640426636462315
366.353671279643	0.0702925372329308
366.36314113552	0.0508080338180862
366.372611888983	0.0592827814971379
366.38208353876	0.0952852895370239
366.391556083581	0.0866015385341451
366.401029522175	0.0510911996116583
366.410503853271	0.0607592888493356
366.419979075599	0.0620672451339306
366.429455187888	0.0803853751609662
366.438932188866	0.0534037202591641
366.448410077264	0.0519002447361501
366.45788885181	0.0758075281648834
366.467368511233	0.0772503253035604
366.476849054264	0.0564713496895289
366.48633047963	0.0481584110353754
366.495812786062	0.0767244459726408
366.505295972288	0.0658832413044504
366.514780037038	0.074620928648962
366.524264979041	0.0703801837880841
366.533750797026	0.0778638511896334
366.543237489722	0.0541183767857985
366.552725055859	0.0596873040593839
366.562213494166	0.073178131510285
366.571702803371	0.0730904849551317
366.581192982205	0.0703397315318595
366.590684029396	0.0471605887151689
366.600175943674	0.0569432926788158
366.609668723768	0.0938087821848263
366.619162368407	0.10062498735867
366.628656876321	0.0667259966424627
366.638152246238	0.0744995718802883
366.647648476887	0.067292328229607
366.657145566999	0.0812820668406113
366.666643515302	0.0904175347046648
366.676142320525	0.071742076414312
366.685641981398	0.0871004496942483
366.695142496649	0.0943144353876337
366.704643865009	0.0800684991538736
366.714146085206	0.0806011205274974
366.72364915597	0.0852531299933254
366.73315307603	0.0960134301490665
366.742657844114	0.0759558531043735
366.752163458952	0.0956965541419739
366.761669919274	0.0984540496079502
366.771177223809	0.118363301713153
366.780685371285	0.0805943784847933
366.790194360433	0.0789223518941769
366.79970418998	0.086257694356236
366.809214858657	0.0965055992664657
366.818726365193	0.092210918063955
366.828238708317	0.0898040088185919
366.837751886758	0.100591277145149
366.847265899245	0.10720522103787
366.856780744508	0.0835473931891884
366.866296421276	0.0948335726758493
366.875812928278	0.109012088482568
366.885330264243	0.099263094732442
366.8948484279	0.0915030035800246
366.904367417979	0.0927233133094664
366.913887233209	0.123514222339084
366.92340787232	0.0998631365331068
366.932929334039	0.0890960943346615
366.942451617097	0.0913951308967591
366.951974720223	0.106962507500522
366.961498642146	0.108877247628486
366.971023381595	0.104919668561181
366.980548937299	0.0985282120776953
366.990075307988	0.126777371007868
366.999602492391	0.109996426717367
367.009130489238	0.112592113158445
367.018659297256	0.1149855383184
367.028188915176	0.130997889740634
367.037719341727	0.130937211356297
367.047250575637	0.112996635720691
367.056782615637	0.1116954214788
367.066315460455	0.142634655447908
367.075849108821	0.131031599954154
367.085383559464	0.105998395393836
367.094918811113	0.120938762026119
367.104454862497	0.106922055244298
367.113991712346	0.118174524517438
367.123529359388	0.116151911706209
367.133067802353	0.0923862111742615
367.142607039971	0.0999642671736683
367.15214707097	0.11599010268131
367.161687894079	0.0688295139661414
367.171229508028	0.0559522124013133
367.180771911547	0.0963775004550879
367.190315103363	0.0745265400511047
367.199859082207	0.0453334951423582
367.209403846808	0.0472752034411386
367.218949395894	0.0776683319512146
367.228495728196	0.0498708898822165
367.238042842442	0.0453132690142459
367.247590737362	0.03724304389744
367.257139411684	0.0348091664812604
367.266688864139	0.0410657821106638
367.276239093455	0.0262265461189431
367.285790098361	0.0308718135420669
367.295341877587	0.0730904849551317
367.304894429862	0.0446592908719484
367.314447753914	0.0354496605381498
367.324001848475	0.0287278439621636
367.333556712271	0.0708319006492587
367.343112344034	0.057779305974124
367.352668742491	0.0429737801959237
367.362225906373	0.0227476520836283
367.371783834408	0.0584198000310134
367.381342525326	0.0510911996116583
367.390901977855	0.0583726057320847
367.400462190726	0.0361845431928966
367.410023162667	0.0538621791630428
367.419584892408	0.0589052271057085
367.429147378677	0.0470527160319033
367.438710620204	0.0534576566007969
367.448274615718	0.0625931244648503
367.457839363949	0.0811674521146417
367.467404863626	0.0443424148648557
367.476971113477	0.0404927084808155
367.486538112232	0.0669417420089939
367.496105858621	0.0618110475111749
367.505674351372	0.049493335490787
367.515243589214	0.0430681687937811
367.524813570878	0.060172731134079
367.534384295092	0.0661394389272062
367.543955760585	0.0459402789857271
367.553527966087	0.0280873499052743
367.563100910327	0.0878151062208828
367.572674592033	0.0615615919311232
367.582249009936	0.0413422058615319
367.591824162765	0.0426097098899024
367.601400049248	0.0634021695893422
367.610976668114	0.0583186693904519
367.620554018094	0.0355507911787113
367.630132097917	0.0347147778834031
367.639710906311	0.0602738617746405
367.649290442006	0.045589692765114
367.65887070373	0.0243927105034283
367.668451690214	0.0350586220613121
367.678033400187	0.0599637278102519
367.687615832377	0.0565118019457535
367.697198985514	0.0587097078672896
367.706782858327	0.0562690884084059
367.716367449545	0.0699082407987972
367.725952757898	0.0680406949697619
367.735538782115	0.065923693560675
367.745125520924	0.0612514579667348
367.754712973056	0.0649595814539889
367.764301137239	0.0491360072274697
367.773890012203	0.0367441327373368
367.783479596677	0.0450368452633779
367.793069889389	0.0692475206137955
367.80266088907	0.056619674629019
367.812252594449	0.037856569783513
367.821845004254	0.0387532614631581
367.831438117215	0.045454851911032
367.841031932062	0.0569230665507035
367.850626447523	0.0411129764095925
367.860221662327	0.04449748184705
367.869817575204	0.0593367178387708
367.879414184883	0.0754501999015661
367.889011490094	0.0489607141171632
367.898609489565	0.0401960586018352
367.908208182026	0.0654382664859799
367.917807566205	0.0613121363510716
367.927407640833	0.0487854210068566
367.937008404638	0.0479359236261402
367.94660985635	0.0495068195761951
367.956211994697	0.0560735691699871
367.965814818409	0.041281527477195
367.975418326216	0.0588243225932593
367.985022516846	0.0587771282943306
367.994627389029	0.0530463919958468
368.004232941494	0.0510372632700256
368.01383917297	0.0426299360180147
368.023446082186	0.0615076555894905
368.033053667871	0.0669754522225143
368.042661928756	0.0564713496895289
368.052270863568	0.0488528414338976
368.061880471038	0.0890421579930287
368.071490749894	0.0811000316876007
368.081101698866	0.0355103389224867
368.090713316682	0.0290514620119604
368.100325602073	0.0547116765437592
368.109938553767	0.059970469852956
368.119552170494	0.0559926646575379
368.129166450982	0.0418411170216352
368.138781393961	0.0928648962062526
368.14839699816	0.0700228555247669
368.158013262309	0.0471336205443525
368.167630185137	0.0378767959116253
368.177247765372	0.0718297229694653
368.186866001744	0.0466347093842492
368.196484892983	0.0496012081740526
368.206104437817	0.0553252024298322
368.215724634975	0.0797651072321892
368.225345483188	0.0708251586065546
368.234966981184	0.0670698408203717
368.244589127692	0.0449020044092959
368.254211921442	0.0832642273956163
368.263835361163	0.0805876364420892
368.273459445583	0.0452053963309804
368.283084173433	0.0456773393202673
368.292709543442	0.0629369686427594
368.302335554338	0.0513204290635977
368.311962204851	0.0442547683097025
368.32158949371	0.0683777971049668
368.331217419644	0.0530194238250305
368.340845981383	0.0445918704449074
368.350475177656	0.0446525488292442
368.360105007192	0.05421950742636
368.36973546872	0.0669282579235857
368.379366560969	0.0558241135899355
368.388998282669	0.0447132272135812
368.398630632549	0.0313774667448743
368.408263609338	0.0665237353613398
368.417897211765	0.0706700916243603
368.42753143856	0.0553049763017198
368.437166288452	0.0478685031990993
368.44680176017	0.0722005353181907
368.456437852442	0.0680676631405783
368.466074564	0.0555611739244756
368.475711893571	0.0389757488723933
368.485349839884	0.0863318568259811
368.49498840167	0.0702655690621144
368.504627577657	0.0548060651416166
368.514267366575	0.0513945915333427
368.523907767152	0.0651483586497036
368.533548778118	0.0727129305637022
368.543190398203	0.0686070265569062
368.552832626135	0.0673799747847603
368.562475460643	0.0989731868961658
368.572118900457	0.0825697969970942
368.581762944307	0.070171180464257
368.59140759092	0.0751130977663612
368.601052839027	0.0607592888493356
368.610698687357	0.0696115909198169
368.620345134639	0.0636313990412815
368.629992179601	0.0533093316613067
368.639639820975	0.0586827396964732
368.649288057487	0.0745130559656965
368.658936887869	0.0487786789641526
368.668586310848	0.0444705136762336
368.678236325155	0.0500798932060435
368.687886929518	0.0361912852356006
368.697538122667	0.0485157392986927
368.707189903331	0.0460481516689927
368.716842270239	0.0590400679597904
368.72649522212	0.0800887252819859
368.736148757704	0.0503023806152788
368.74580287572	0.0444570295908254
368.755457574896	0.0669080317954734
368.765112853963	0.0606649002514781
368.774768711649	0.0443828671210803
368.784425146684	0.0671305192047086
368.794082157797	0.0679193382010881
368.803739743716	0.0551499093195256
368.813397903172	0.0582445069207068
368.823056634894	0.0707981904357382
368.83271593761	0.0890084477795082
368.842375810051	0.0893994862563459
368.852036250944	0.058392831860197
368.86169725902	0.0614806874186741
368.871358833007	0.0893050976584885
368.881020971636	0.0919277522703829
368.890683673634	0.0719241115673226
368.900346937732	0.0649056451123561
368.910010762658	0.0791111290898916
368.919675147142	0.0728679975458964
368.929340089913	0.0533497839175313
368.9390055897	0.0594513325647404
368.948671645232	0.0567814836539174
368.958338255239	0.0731983576383973
368.96800541845	0.0626200926356667
368.977673133593	0.0467695502383312
368.9873413994	0.0702116327204816
368.997010214597	0.0973213864336617
369.006679577915	0.0530126817823264
369.016349488083	0.0614941715040823
369.026019943831	0.100860958853313
369.035690943886	0.0826507015095433
369.045362486979	0.0656337857243988
369.055034571839	0.0623504109275028
369.064707197195	0.0781605010686137
369.074380361776	0.0628223539167897
369.084054064312	0.0633347491623012
369.093728303531	0.0674878474680259
369.103403078163	0.0684519595747119
369.113078386937	0.0879903993311893
369.122754228583	0.0733534246205915
369.132430601829	0.0775132649690203
369.142107505405	0.0948200885904411
369.15178493804	0.0929458007187017
369.161462898463	0.0743107946845735
369.171141385403	0.064555058891743
369.18082039759	0.0928648962062526
369.190499933753	0.0908287993096148
369.200179992621	0.074553508221921
369.209860572923	0.0643730237387323
369.219541673389	0.0622762484577577
369.229223292747	0.0811539680292335
369.238905429728	0.0742366322148284
369.248588083059	0.0660855025855734
369.258271251471	0.0873701314024123
369.267954933693	0.103031896604033
369.277639128453	0.0821113380932155
369.287323834482	0.065647269809807
369.297009050508	0.0717083662007915
369.30669477526	0.0702453429340021
369.316381007468	0.0737916573963579
369.326067745861	0.0696790113468579
369.335754989168	0.133701448864977
369.345442736118	0.0820034654099498
369.355130985441	0.0907681209252779
369.364819735866	0.0815045542498466
369.374508986121	0.0922850805337
369.384198734937	0.0979416543624387
369.393888981043	0.0836620079151581
369.403579723167	0.0772772934743769
369.413270960039	0.0953931622202895
369.422962690388	0.119792614766422
369.432654912943	0.0786391861006047
369.442347626434	0.0725443794960997
369.45204082959	0.0960134301490665
369.46173452114	0.0855093276160811
369.471428699813	0.0812348725416826
369.481123364338	0.0643932498668446
369.490818513445	0.0981169474727452
369.500514145863	0.0932154824268656
369.510210260321	0.0841204668190368
369.519906855549	0.0970854149390182
369.529603930274	0.117547514545957
369.539301483228	0.0919344943130869
369.548999513138	0.0792931642429023
369.558698018735	0.0740208868482973
369.568396998747	0.104299400632404
369.578096451904	0.101312675714488
369.587796376935	0.083520425018372
369.597496772568	0.0792931642429023
369.607197637534	0.0943414035584501
369.616898970562	0.104845506091436
369.62660077038	0.079138097260708
369.636303035718	0.0944357921563075
369.646005765305	0.13872427067953
369.655708957871	0.11845769031101
369.665412612144	0.0888736069254262
369.675116726854	0.099674359337392
369.68482130073	0.111304383001962
369.694526332501	0.105668035301336
369.704231820897	0.0985956325047363
369.713937764646	0.0747962217592686
369.723644162479	0.114304592005286
369.733351013123	0.112207816724311
369.743058315309	0.0762727291114661
369.752766067765	0.0766367994174875
369.762474269221	0.101204803031222
369.772182918407	0.0909568981209926
369.78189201405	0.0780998226842769
369.791601554881	0.0808708022356614
369.801311539628	0.093923396910796
369.811021967022	0.0886443774734869
369.82073283579	0.0856509105128672
369.830444144663	0.0836822340432704
369.840155892369	0.112915731208241
369.849868077639	0.0906265380284918
369.8595806992	0.0794617153105047
369.869293755782	0.0935188743485501
369.879007246115	0.108728922688996
369.888721168927	0.107164768781645
369.898435522948	0.115113637129778
369.908150306907	0.0932154824268656
369.917865519534	0.11360341956406
369.927581159557	0.134652076886255
369.937297225706	0.106450112255011
369.947013716709	0.0922244021493632
369.956730631297	0.119165604794941
369.966447968199	0.108654760219251
369.976165726143	0.104184785906434
369.985883903858	0.104690439109241
369.995602500075	0.10899860439716
370.005321513522	0.127276282167971
370.015040942929	0.101110414433365
370.024760787024	0.0986091165901444
370.034481044537	0.108189559272668
370.044201714197	0.0961482710031485
370.053922794734	0.111493160197677
370.063644284876	0.105620841002407
370.073366183353	0.11363712977758
370.083088488894	0.102573437700154
370.092811200229	0.104845506091436
370.102534316085	0.107838973052055
370.112257835194	0.120136458944331
370.121981756283	0.114088846638755
370.131706078083	0.107420966404401
370.141430799321	0.107818746923943
370.151155918729	0.128725821349352
370.160881435034	0.103699358831739
370.170607346966	0.11281460056768
370.180333653254	0.116266526432178
370.190060352628	0.119199315008461
370.199787443816	0.115214767770339
370.209514925549	0.102647600169899
370.219242796554	0.100807022511681
370.228971055562	0.104387047187557
370.238699701301	0.123284992887145
370.248428732501	0.102290271906582
370.258158147891	0.100072139856934
370.2678879462	0.11677892167769
370.277618126157	0.131429380473696
370.287348686492	0.118565562994276
370.297079625934	0.0986967631452977
370.306810943212	0.151446505262164
370.316542637055	0.119893745406983
370.326274706193	0.110569500347215
370.336007149355	0.128065101164351
370.345739965269	0.138771464978459
370.355473152666	0.120446592908719
370.365206710274	0.13222494151278
370.374940636822	0.125853711157406
370.38467493104	0.160743782151116
370.394409591658	0.128287588573586
370.404144617404	0.139108567113664
370.413880007007	0.128449397598484
370.423615759197	0.130411332025377
370.433351872702	0.121572514040304
370.443088346253	0.126143618993683
370.452825178578	0.124714305940414
370.462562368407	0.13229236193982
370.472299914469	0.10653101676746
370.482037815492	0.124788468410159
370.491776070207	0.118120588175805
370.501514677342	0.118241944944479
370.511253635627	0.118113846133101
370.520992943791	0.112875278952017
370.530732600563	0.130741692117878
370.540472604672	0.112187590596199
370.550212954848	0.137692738145803
370.559953649819	0.1092278338491
370.569694688316	0.1273234764669
370.579436069066	0.110178461870377
370.589177790801	0.140194035989024
370.598919852247	0.125192990972405
370.608662252136	0.129993325377723
370.618404989196	0.171861410570175
370.628148062155	0.147536120493787
370.637891469745	0.135494832224267
370.647635210693	0.137416314394935
370.657379283729	0.165571084727251
370.667123687583	0.157905382172691
370.676868420982	0.150125064892161
370.686613482658	0.156024352258247
370.696358871338	0.157339050585546
370.706104585752	0.169832055716241
370.71585062463	0.156219871496666
370.7255969867	0.16033925958887
370.735343670691	0.193564046034668
370.745090675334	0.170674811054253
370.754837999357	0.169211787787464
370.764585641489	0.154628749418499
370.774333600459	0.187240009978223
370.784081874998	0.206515510069241
370.793830463833	0.191723468376449
370.803579365695	0.181219365843463
370.813328579312	0.183855504540766
370.823078103414	0.207789756140315
370.83282793673	0.205915468268576
370.842578077989	0.226168564551688
370.85232852592	0.229937366423279
370.862079279253	0.230928446700781
370.871830336716	0.227577651476844
370.88158169704	0.231130707981904
370.891333358953	0.250399466030218
370.901085321184	0.25030507743236
370.910837582463	0.217869109982943
370.920590141518	0.220336697612643
370.93034299708	0.237764878002737
370.940096147877	0.207236908638579
370.949849592639	0.186471417109956
370.959603330094	0.181765471302495
370.969357358973	0.159847090471471
370.979111678003	0.157514343695853
370.988866285915	0.140025484921421
370.998621181438	0.129750611840375
371.0083763633	0.120554465591985
371.018131830232	0.121275864161324
371.027887580961	0.088448858235068
371.037643614219	0.0838170748973524
371.047399928733	0.0995664866541264
371.057156523232	0.0955212610316673
371.066913396447	0.0765019585634055
371.076670547107	0.0559656964867215
371.08642797394	0.0789493200649933
371.096185675676	0.0577523378033076
371.105943651044	0.0602334095184159
371.115701898773	0.0616492384862765
371.125460417592	0.0816663632747449
371.135219206232	0.0697531738166029
371.14497826342	0.0749580307841669
371.154737587886	0.0381060253635646
371.16449717836	0.0631122617530659
371.17425703357	0.0732590360227341
371.184017152247	0.0411129764095925
371.193777533118	0.0416388557405122
371.203538174913	0.0480707644802222
371.213299076362	0.0632740707779643
371.223060236193	0.0390094590859138
371.232821653136	0.0428052291283213
371.242583325921	0.0783290521362162
371.252345253275	0.065579849382766
371.26210743393	0.0417399863810737
371.271869866613	0.0645618009344471
371.281632550054	0.0728073191615595
371.291395482982	0.0838103328546483
371.301158664126	0.0670091624360348
371.310922092217	0.0626807710200036
371.320685765982	0.0963842424977919
371.330449684151	0.0786661542714211
371.340213845454	0.0670765828630758
371.349978248619	0.0700026293966545
371.359742892375	0.0809382226627023
371.369507775453	0.0681215994822111
371.379272896581	0.0872015803348098
371.389038254488	0.0714386844926275
371.398803847904	0.0843429542282721
371.408569675558	0.0710678721439021
371.418335736178	0.0596670779312716
371.428102028496	0.0597075301874962
371.437868551238	0.0676496564929242
371.447635303135	0.0762929552395785
371.457402282916	0.0540037620598289
371.467169489311	0.0487045164944074
371.476936921047	0.0667327386851668
371.486704576856	0.0593299757960667
371.496472455465	0.0504978998536977
371.506240555604	0.0430951369645975
371.516008876002	0.080028046897649
371.525777415389	0.0660720185001652
371.535546172493	0.054421768707483
371.545315146044	0.0527430000741624
371.555084334772	0.0556960147785576
371.564853737405	0.0775739433533572
371.574623352672	0.0572803948140207
371.584393179303	0.0668743215819529
371.594163216027	0.0697936260728275
371.603933461574	0.0732657780654383
371.613703914671	0.0606244479952536
371.62347457405	0.06353026840072
371.633245438438	0.0587771282943306
371.643016506566	0.0635707206569446
371.652787777161	0.056343250878151
371.662559248954	0.0658360470055217
371.672330920674	0.0980427850030002
371.68210279105	0.0762862131968744
371.691874858812	0.0640696318170479
371.701647122687	0.065519170998429
371.711419581406	0.0637932080661799
371.721192233698	0.0903433722349197
371.730965078292	0.0875049722564942
371.740738113918	0.0801763718371392
371.750511339303	0.0929120905051812
371.760284753179	0.096047140362587
371.770058354274	0.0723421182149768
371.779832141316	0.086736379388227
371.789606113036	0.101278965500967
371.799380268163	0.0953392258786567
371.809154605425	0.0620065667495938
371.818929123553	0.083311421694545
371.828703821275	0.0758412383784039
371.83847869732	0.0736096222433472
371.848253750418	0.060583995739029
371.858028979298	0.0634021695893422
371.867804382689	0.0692542626564996
371.87757995932	0.0534037202591641
371.887355707921	0.0436682105944459
371.897131627221	0.0610559387283159
371.906907715948	0.075099613680953
371.916683972833	0.0700161134820628
371.926460396605	0.0794751993959129
371.936236985992	0.0802437922641802
371.946013739724	0.0941728524908476
371.95579065653	0.0815584905914794
371.965567735139	0.0808438340648449
371.975344974281	0.0869521247547582
371.985122372685	0.0975708420137133
371.994899929079	0.0899658178434902
372.004677642194	0.0890691261638451
372.014455510758	0.0844171166980171
372.024233533501	0.090707442540941
372.034011709152	0.0857992354523573
372.04379003644	0.0769334492964678
372.053568514094	0.090026496227827
372.063347140844	0.0912265798291566
372.073125915418	0.0766233153320793
372.082904836546	0.0638201762369962
372.092683902958	0.0864464715519508
372.102463113382	0.0864801817654713
372.112242466547	0.0757670759086587
372.122021961184	0.0807696715950999
372.13180159602	0.0618582418101036
372.141581369786	0.0815517485487753
372.15136128121	0.0686137685996103
372.161141329022	0.068458701617416
372.170921511951	0.0704678303432374
372.180701828726	0.0667192545997586
372.190482278076	0.10829068991323
372.200262858731	0.0776009115241736
372.21004356942	0.065579849382766
372.219824408871	0.120824147300149
372.229605375815	0.0976315203980502
372.239386468981	0.0786189599724924
372.249167687097	0.0967550548465174
372.258949028893	0.0984135973517256
372.268730493098	0.081261840712499
372.278512078442	0.0807561875096916
372.288293783653	0.0756861713962096
372.29807560746	0.0768188345704981
372.307857548594	0.0896287157082853
372.317639605783	0.0938627185264591
372.327421777757	0.0907681209252779
372.337204063244	0.126008778139601
372.346986460974	0.117534030460549
372.356768969676	0.101663261935101
372.366551588079	0.0968359593589665
372.376334314913	0.115464223350391
372.386117148907	0.111344835258187
372.39590008879	0.0978000714656526
372.405683133291	0.0913681627259427
372.415466281139	0.126871759605725
372.425249531064	0.0830552240717892
372.435032881794	0.078180727196726
372.44481633206	0.0846935404488852
372.45459988059	0.0945032125833485
372.464383526114	0.109504257599968
372.47416726736	0.0652697154183774
372.483951103058	0.0681215994822111
372.493735031938	0.0962965959426386
372.503519052728	0.0889612534805795
372.513303164157	0.0852396459079171
372.523087364955	0.0862509523135319
372.532871653851	0.0689104184785906
372.542656029575	0.133222763832986
372.552440490855	0.0896759100072139
372.562225036421	0.0868105418579721
372.572009665001	0.108782859030629
372.581794375326	0.117594708844886
372.591579166124	0.102411628675256
372.601364036125	0.0964044686259042
372.611148984057	0.111560580624718
372.62093400865	0.113542741179723
372.630719108634	0.114122556852275
372.640504282737	0.129480930132211
372.650289529689	0.0978337816791731
372.660074848219	0.0961954653020772
372.669860237056	0.0992563526897379
372.679645694929	0.0930267052311509
372.689431220567	0.11311125044666
372.699216812701	0.0907344107117574
372.709002470058	0.103335288525718
372.718788191369	0.0957100382273821
372.728573975362	0.105721971642968
372.738359820766	0.104070171180464
372.748145726312	0.0939840752951329
372.757931690728	0.0791178711325957
372.767717712743	0.112780890354159
372.777503791086	0.0921097874233935
372.787289924487	0.0909299299501763
372.797076111675	0.093855976483755
372.806862351379	0.0893185817438967
372.816648642329	0.115201283684931
372.826434983254	0.102782441023981
372.836221372882	0.0973416125617739
372.846007809943	0.104838764048731
372.855794293166	0.103267868098677
372.865580821281	0.101777876661071
372.875367393017	0.115437255179574
372.885154007103	0.116151911706209
372.894940662267	0.106335497529041
372.904727357241	0.114695630482123
372.914514090751	0.108412046681904
372.924300861529	0.115976618595902
372.934087668302	0.134604882587326
372.943874509801	0.128523560068229
372.953661384754	0.12488959905072
372.963448291891	0.133687964779569
372.973235229941	0.154763590272581
372.983022197633	0.118592531165092
372.992809193696	0.126055972438529
373.00259621686	0.124572723043628
373.012383265854	0.130155134402621
373.022170339407	0.11569345280233
373.031957436247	0.109133445251242
373.041744555106	0.108762632902517
373.051531694711	0.112619081329261
373.061318853791	0.110158235742265
373.071106031077	0.0955751973733001
373.080893225298	0.108762632902517
373.090680435181	0.107623227685524
373.100467659458	0.10092163723765
373.110254896856	0.115518159692023
373.120042146106	0.144219035483371
373.129829405936	0.128422429427668
373.139616675076	0.122637756787551
373.149403952254	0.115942908382382
373.159191236201	0.137665769974987
373.168978525645	0.146288842593529
373.178765819315	0.145931514330212
373.188553115941	0.129575318730069
373.198340414252	0.141758189896375
373.208127712978	0.162173095204385
373.217915010846	0.137180342900292
373.227702306588	0.145371924785772
373.237489598931	0.152599394564565
373.247276886605	0.143639219810818
373.257064168339	0.137173600857588
373.266851442863	0.14647087774654
373.276638708905	0.141508734316323
373.286425965196	0.186552321622405
373.296213210464	0.148662041625372
373.306000443438	0.155896253446869
373.315787662847	0.162570875723927
373.325574867421	0.159887542727696
373.33536205589	0.142614429319795
373.345149226981	0.13064730352002
373.354936379425	0.141030049284332
373.364723511951	0.158296420649528
373.374510623287	0.129602286900885
373.384297712164	0.124983987648578
373.39408477731	0.153078079596556
373.403871817455	0.124363719719801
373.413658831327	0.130222554829662
373.423445817656	0.158188547966263
373.433232775172	0.137598349547946
373.443019702603	0.152963464870586
373.452806598678	0.150414972728437
373.462593462128	0.139890644067339
373.47238029168	0.149585701475833
373.482167086065	0.156321002137227
373.491953844011	0.147394537597001
373.501740564248	0.149127242571954
373.511527245505	0.175771795338552
373.521313886512	0.166083479972762
373.531100485996	0.157932350343507
373.540887042688	0.151911706208747
373.550673555317	0.164161997802094
373.560460022613	0.193159523472422
373.570246443303	0.164424937467554
373.580032816118	0.169151109403127
373.589819139786	0.164020414905308
373.599605413038	0.166683521773427
373.609391634602	0.15278817176028
373.619177803207	0.147199018358582
373.628963917582	0.16180228285566
373.638749976458	0.142789722430102
373.648535978562	0.151695960842216
373.658321922625	0.153853414507527
373.668107807375	0.162071964563824
373.677893631542	0.155262501432684
373.687679393855	0.15346237603069
373.697465093043	0.147374311468889
373.707250727835	0.179270915501979
373.717036296961	0.176776359701462
373.726821799149	0.145257310059802
373.73660723313	0.154129838258395
373.746392597632	0.178738294128355
373.756177891384	0.196685611806665
373.765963113116	0.159206596414582
373.775748261556	0.176014508875899
373.785533335435	0.176890974427432
373.795318333481	0.190172798554506
373.805103254424	0.182304834718823
373.814888096993	0.186808519245161
373.824672859916	0.219399553676773
373.834457541924	0.201897210816933
373.844242141745	0.191109942490376
373.854026658108	0.186653452262967
373.863811089744	0.220876061028971
373.87359543538	0.222507635363362
373.883379693747	0.182466643743721
373.893163863574	0.17279181246334
373.902947943589	0.17933833592902
373.912731932522	0.179594533551775
373.922515829102	0.194359607073751
373.932299632059	0.171281594897622
373.942083340121	0.170802909865631
373.951866952018	0.186012958206077
373.961650466479	0.166683521773427
373.971433882233	0.169771377331904
373.98121719801	0.195067521557681
373.991000412539	0.194089925365587
374.000783524548	0.175043654726509
374.010566532768	0.191662789992112
374.020349435927	0.191844825145122
374.030132232754	0.18345098197852
374.039914921979	0.181151945416422
374.049697502332	0.173931217680333
374.05947997254	0.225959561227861
374.069262331334	0.224253824423724
374.079044577443	0.216594863911868
374.088826709596	0.19193921374298
374.098608726521	0.229957592551391
374.108390626949	0.216979160346002
374.118172409609	0.217538749890442
374.127954073229	0.228750766907358
374.137735616539	0.24339448366066
374.147517038269	0.205746917200973
374.157298337147	0.20794482312251
374.167079511902	0.213136196004665
374.176860561265	0.216183599306918
374.186641483963	0.225339293299084
374.196422278727	0.201600560937953
374.206202944285	0.211558558011906
374.215983479368	0.207857176567356
374.225763882702	0.225555038665615
374.23554415302	0.194413543415384
374.245324289048	0.221044612096573
374.255104289518	0.218192728032739
374.264884153157	0.19238418856145
374.274663878695	0.198735192788711
374.284443464861	0.191217815173641
374.294222910385	0.225642685220768
374.304002213996	0.221617685726421
374.313781374422	0.219716429683866
374.323560390394	0.202854580880915
374.33333926064	0.230045239106545
374.34311798389	0.233335355946144
374.352896558872	0.236301854735948
374.362674984317	0.271468349480526
374.372453258953	0.280597075301875
374.382231381509	0.250986023745474
374.392009350715	0.255638033211302
374.4017871653	0.239511067063099
374.411564823992	0.265029698698112
374.421342325523	0.275729320469516
374.43111966862	0.240299886059478
374.440896852012	0.250244399048023
374.45067387443	0.246414918792096
374.460450734602	0.250709599994606
374.470227431257	0.235169191561659
374.480003963125	0.219204034438354
374.489780328935	0.237131125988552
374.499556527416	0.234050012472779
374.509332557297	0.225582006836431
374.519108417308	0.219386069591365
374.528884106177	0.233173546921246
374.538659622635	0.229687910843227
374.548434965409	0.235627650465538
374.55821013323	0.228036110380723
374.567985124827	0.253089541069153
374.577759938929	0.249266802855929
374.587534574264	0.246711568671076
374.597309029563	0.247776811418324
374.607083303555	0.278837402156105
374.616857394968	0.276342846355589
374.626631302532	0.274279781288135
374.636405024977	0.259164121545546
374.64617856103	0.280246489081262
374.655951909423	0.34831415222184
374.665725068883	0.276888951814621
374.67549803814	0.280974629693304
374.685270815923	0.277778901451562
374.695043400962	0.301214241891008
374.704815791986	0.279504864383811
374.714587987723	0.273686481530174
374.724359986904	0.262858760947392
374.734131788257	0.276511397423191
374.743903390512	0.26175306594392
374.753674792397	0.274320233544359
374.763445992642	0.284729947479487
374.773216989977	0.248451015688733
374.78298778313	0.247608260350721
374.792758370831	0.243010187226526
374.802528751809	0.258388786634575
374.812298924792	0.269445736669296
374.822068888512	0.266000552847502
374.831838641695	0.27244594567262
374.841608183073	0.28246462113091
374.851377511373	0.307376468922554
374.861146625326	0.285417635835305
374.87091552366	0.283489411621933
374.880684205105	0.300809719328762
374.890452668389	0.314226384309918
374.900220912243	0.302987399122186
374.909988935395	0.30830687081572
374.919756736574	0.314516292146194
374.92952431451	0.310450840395623
374.939291667933	0.312581325890118
374.94905879557	0.311313821861748
374.958825696152	0.329369012223323
374.968592368407	0.334560385105479
374.978358811065	0.313107205221038
374.988125022856	0.321460596131416
374.997891002507	0.332598450678587
375.007656748749	0.322087606102897
375.017422260311	0.294829527450227
375.027187535922	0.286105324191123
375.036952574311	0.312298160096546
375.046717374207	0.317078268373752
375.05648193434	0.298254485143909
375.066246253438	0.295193597756248
375.076010330232	0.324521483519077
375.08577416345	0.316323159590893
375.095537751821	0.309547406673274
375.105301094075	0.297937609136816
375.115064188941	0.320287480700903
375.124827035148	0.329267881582762
375.134589631426	0.333710887724763
375.144351976503	0.339455108108655
375.154114069109	0.339522528535696
375.163875907972	0.356175374014819
375.173637491824	0.363888270868308
375.183398819391	0.357793464263803
375.193159889404	0.388361885884185
375.202920700592	0.377500455087882
375.212681251684	0.367764945423164
375.22244154141	0.392474531933685
375.232201568498	0.393795972303689
375.241961331677	0.392622856873175
375.251720829678	0.380541116347431
375.261480061229	0.400484078666154
375.271239025059	0.411736547939295
375.280997719898	0.410327461014138
375.290756144475	0.413125408736339
375.300514297519	0.43454487840726
375.310272177759	0.465807730426164
375.320029783925	0.48588553359897
375.329787114745	0.480040182574516
375.339544168949	0.529391935168517
375.349300945267	0.526250143268407
375.359057442427	0.548316849038922
375.368813659158	0.574125388510211
375.378569594191	0.59226822542694
375.388325246253	0.621946697410381
375.398080614075	0.623443430890691
375.407835696385	0.619371237097416
375.417590491913	0.625034552968858
375.427344999387	0.647020354226924
375.437099217538	0.639219810818282
375.446853145095	0.621663531616809
375.456606780785	0.603965669518551
375.46636012334	0.574691720097355
375.476113171488	0.521854331425335
375.485865923958	0.484779838595498
375.495618379479	0.442082482150442
375.505370536781	0.419435960707375
375.515122394593	0.370886511195162
375.524873951644	0.314799457939766
375.534625206663	0.275756288640332
375.54437615838	0.236942348792837
375.554126805524	0.223505457683569
375.563877146824	0.182493611914538
375.573627181008	0.137942193725855
375.583376906808	0.116805889848506
375.593126322951	0.141232310565455
375.602875428166	0.103908362155566
375.612624221184	0.0886780876870074
375.622372700734	0.0817270416590818
375.632120865543	0.105067993500671
375.641868714343	0.101831813002704
375.651616245861	0.0865408601498081
375.661363458828	0.12717515152741
375.671110351972	0.113016861848803
375.680856924023	0.103739811087963
375.690603173709	0.108115396802923
375.700349099761	0.147165308145062
375.710094700906	0.135265602772328
375.719839975876	0.10253298544393
375.729584923398	0.0954403565192181
375.739329542202	0.105964685180316
375.749073831017	0.0999305569601478
375.758817788572	0.0947661522488083
375.768561413598	0.0791178711325957
375.778304704821	0.0943009513022255
375.788047660973	0.0852733561214376
375.797790280783	0.0694362978095103
375.807532562978	0.0665439614894521
375.81727450629	0.0905456335160427
375.827016109446	0.0771559367057031
375.836757371176	0.074620928648962
375.84649829021	0.0730028383999784
375.856238865276	0.0853138083776622
375.865979095104	0.0786728963141252
375.875718978424	0.0980225588748879
375.885458513963	0.0894197123844582
375.895197700452	0.107387256190881
375.904936536619	0.137524187078201
375.914675021194	0.0947931204196247
375.924413152907	0.11143248181334
375.934150930486	0.128483107812005
375.94388835266	0.119468996716625
375.953625418159	0.109605388240529
375.963362125712	0.135110535790134
375.973098474048	0.129339347235425
375.982834461897	0.133155343405945
375.992570087987	0.0991484800064723
376.002305351048	0.0932491926403861
376.012040249809	0.0867296373455229
376.021774783	0.110825697969971
376.031508949349	0.0713780061082907
376.041242747586	0.0692542626564996
376.050976176439	0.0861295955448582
376.060709234639	0.106443370212307
376.070441920914	0.0551027150205969
376.080174233994	0.0843227281001598
376.089906172608	0.0892511613168557
376.099637735484	0.0855834900858262
376.109368921353	0.0984135973517256
376.119099728944	0.120534239463873
376.128830156985	0.107434450489809
376.138560204206	0.142641397490612
376.148289869336	0.119812840894534
376.158019151105	0.121376994801885
376.167748048241	0.130539430836755
376.177476559474	0.121296090289436
376.187204683533	0.130768660288694
376.196932419147	0.128038132993534
376.206659765046	0.121120797179129
376.216386719959	0.138602913910857
376.226113282614	0.1046230186822
376.235839451741	0.110138009614153
376.24556522607	0.111122347848951
376.255290604329	0.122462463677245
376.265015585248	0.0978877180208059
376.274740167556	0.090026496227827
376.284464349982	0.0925143099856394
376.294188131256	0.0836687499578622
376.303911510106	0.0851789675235803
376.313634485263	0.0779649818301949
376.323357055454	0.104825279963323
376.33307921941	0.128206684061137
376.342800975859	0.0927705076083952
376.35252232353	0.10746816070333
376.362243261154	0.126433526829959
376.371963787459	0.131227119192573
376.381683901175	0.119233025221982
376.39140360103	0.131355218003951
376.401122885754	0.159429083823817
376.410841754076	0.141286246907088
376.420560204725	0.130734950075174
376.430278236431	0.124532270787403
376.439995847922	0.141212084437343
376.449713037928	0.109571678027009
376.459429805179	0.121060118794792
376.469146148403	0.118255429029887
376.478862066329	0.114688888439419
376.488577557688	0.115976618595902
376.498292621207	0.0873970995732286
376.508007255617	0.0913681627259427
376.517721459646	0.109746971137315
376.527435232023	0.0993844515011158
376.537148571479	0.105661293258631
376.546861476742	0.0987237313161141
376.556573946541	0.133613802309824
376.566285979606	0.135056599448501
376.575997574665	0.131213635107165
376.585708730449	0.124943535392353
376.595419445686	0.157817735617537
376.605129719105	0.148608105283739
376.614839549436	0.133054212765384
376.624548935407	0.152370165112626
376.634257875749	0.159125691902132
376.64396636919	0.153078079596556
376.65367441446	0.14568205875016
376.663382010288	0.131685578096452
376.673089155402	0.133182311576761
376.682795848533	0.137301699668966
376.692502088409	0.116583402439271
376.702207873759	0.122118619499336
376.711913203314	0.122428753463724
376.721618075802	0.0928042178219157
376.731322489952	0.0926761190105378
376.741026444493	0.0868847043277172
376.750729938155	0.0993642253730035
376.760432969667	0.127451575278278
376.770135537759	0.10470392319465
376.779837641158	0.106571469023685
376.789539278596	0.120176911200556
376.7992404488	0.135272344815032
376.8089411505	0.142284069227294
376.818641382425	0.140686205106423
376.828341143305	0.159934737026624
376.838040431869	0.16030554937535
376.847739246845	0.163737249111736
376.857437586964	0.164168739844798
376.867135450954	0.154345583624927
376.876832837545	0.179115848519784
376.886529745465	0.155329921859725
376.896226173445	0.147010241162868
376.905922120212	0.137652285889579
376.915617584498	0.137173600857588
376.92531256503	0.131874355292166
376.935007060537	0.131678836053748
376.94470106975	0.123493996210972
376.954394591397	0.13252159139176
376.964087624208	0.122968116880052
376.973780166912	0.113502288923498
376.983472218237	0.13401832487207
376.993163776914	0.11692724661718
377.002854841671	0.128186457933024
377.012545411238	0.133741901121202
377.022235484343	0.195970955280031
377.031925059717	0.171895120783695
377.041614136088	0.166110448143578
377.051302712186	0.177767439978965
377.060990786739	0.186248929700721
377.070678358478	0.190267187152363
377.08036542613	0.167843153118532
377.090051988426	0.169872507972466
377.099738044095	0.153536538500435
377.109423591865	0.145392150913884
377.119108630466	0.141562670657956
377.128793158628	0.138879337661725
377.138477175079	0.154257937069773
377.148160678549	0.142627913405204
377.157843667767	0.121255638033211
377.167526141462	0.142735786088469
377.177208098364	0.149046338059505
377.186889537201	0.157251404030393
377.196570456703	0.135238634601512
377.206250855599	0.140099647391167
377.215930732618	0.164559778321636
377.225610086489	0.17455148560911
377.235288915943	0.169562374008077
377.244967219707	0.162186579289793
377.254644996511	0.196173216561154
377.264322245085	0.174221125516609
377.273998964157	0.170094995381701
377.283675152457	0.178185446626619
377.293350808714	0.178583227146161
377.303025931657	0.19014583038369
377.312700520016	0.184988167715054
377.32237457252	0.153651153226405
377.332048087897	0.169279208214505
377.341721064877	0.17948666086851
377.35139350219	0.156071546557176
377.361065398564	0.153266856792271
377.370736752729	0.164290096613472
377.380407563414	0.16277313700505
377.390077829348	0.156321002137227
377.399747549261	0.163703538898215
377.409416721881	0.175117817196254
377.419085345938	0.192107764810582
377.428753420162	0.178461870377487
377.43842094328	0.187091685038733
377.448087914023	0.199072294923916
377.45775433112	0.194379833201864
377.4674201933	0.211882176061703
377.477085499291	0.19253251350094
377.486750247825	0.189262622789453
377.496414437629	0.202402864019741
377.506078067432	0.17769327750922
377.515741135965	0.18688942375761
377.525403641956	0.181158687459126
377.535065584135	0.181347464654841
377.54472696123	0.16385860588041
377.554387771971	0.164654166919493
377.564048015087	0.171881636698287
377.573707689308	0.175758311253143
377.583366793362	0.165773346008374
377.593025325979	0.151763381269257
377.602683285888	0.170539970200171
377.612340671818	0.178819198640804
377.621997482499	0.195215846497172
377.63165371666	0.197750854553913
377.641309373029	0.215826271043601
377.650964450337	0.227018061932404
377.660618947311	0.212509186033184
377.670272862683	0.206158181805923
377.67992619518	0.217060064858451
377.689578943532	0.248700471268785
377.699231106468	0.188709775287717
377.708882682718	0.194494447927833
377.71853367101	0.197771080682025
377.728184070075	0.197198007052177
377.73783387864	0.178954039494886
377.747483095436	0.183248720697397
377.757131719191	0.184772422348523
377.766779748635	0.22016814654504
377.776427182497	0.179405756356061
377.786074019506	0.181610404320301
377.795720258392	0.199800435535959
377.805365897883	0.216197083392326
377.815010936709	0.226478698516076
377.824655373599	0.213358683413901
377.834299207282	0.24615872116934
377.843942436488	0.208780836417818
377.853585059946	0.230894736487261
377.863227076384	0.210776481058231
377.872868484533	0.266856792270922
377.882509283121	0.235971494643447
377.892149470878	0.21934561733514
377.901789046532	0.206279538574597
377.911428008814	0.238034559710901
377.921066356452	0.217821915684014
377.930704088175	0.213857594574004
377.940341202713	0.210277569898128
377.949977698795	0.20932694187685
377.95961357515	0.225656169306176
377.969248830507	0.21482170668069
377.978883463596	0.200083601329531
377.988517473146	0.220087242032591
377.998150857885	0.246151979126636
378.007783616544	0.211949596488744
378.017415747852	0.227355164067609
378.027047250537	0.24290231454326
378.036678123329	0.230672249078026
378.046308364957	0.239861653283712
378.05593797415	0.245241803361582
378.065566949638	0.235755749276916
378.07519529015	0.249401643710011
378.084822994414	0.254242430371554
378.094450061161	0.247561066051792
378.10407648912	0.247068896934393
378.113702277018	0.24122354590994
378.123327423587	0.225507844366686
378.132951927555	0.220896287157083
378.142575787651	0.232613957376806
378.152199002605	0.257330285930031
378.161821571145	0.244493436621428
378.171443492002	0.232890381127674
378.181064763903	0.244243981041376
378.190685385579	0.238459308401259
378.200305355759	0.253999716834206
378.209924673171	0.240387532614632
378.219543336546	0.270234555665676
378.229161344611	0.262858760947392
378.238778696098	0.266202814128625
378.248395389734	0.251707422314813
378.258011424248	0.268400720050161
378.267626798371	0.255118895923087
378.277241510832	0.260505788043661
378.286855560359	0.252873795702622
378.296468945681	0.247372288856078
378.306081665529	0.236376017205693
378.315693718631	0.241001058500705
378.325305103717	0.274111230220532
378.334915819515	0.251936651766752
378.344525864755	0.279221698590239
378.354135238166	0.266398333367043
378.363743938478	0.277023792668703
378.373351964419	0.267591674925669
378.382959314719	0.273841548512368
378.392565988106	0.266034263061022
378.402171983312	0.277960936604572
378.411777299063	0.292719268083844
378.42138193409	0.298227516973092
378.430985887122	0.279727351793046
378.440589156888	0.282626430155809
378.450191742118	0.26930415377251
378.45979364154	0.275891129494414
378.469394853884	0.275695610255995
378.478995377878	0.271636900548128
378.488595212253	0.293642927934305
378.498194355737	0.288404360753221
378.50779280706	0.27012668298241
378.517390564951	0.280704947985141
378.526987628139	0.295321696567626
378.536583995353	0.289880868105419
378.546179665323	0.290818012041288
378.555774636777	0.286671655778268
378.565368908445	0.315574792850738
378.574962479057	0.335389656358083
378.584555347341	0.31409828549854
378.594147512026	0.30546172879459
378.603738971842	0.313262272203232
378.613329725518	0.318244641761561
378.622919771784	0.286664913735564
378.632509109368	0.292308003478894
378.642097737	0.294229485649562
378.651685653408	0.304268387235965
378.661272857323	0.296946528859314
378.670859347473	0.288903271913324
378.680445122588	0.295139661414615
378.690030181397	0.305225757299947
378.699614522628	0.291141630091085
378.709198145012	0.300755782987129
378.718781047277	0.322276383298612
378.728363228153	0.328492546671791
378.737944686369	0.317192883099721
378.747525420653	0.319997572864626
378.757105429737	0.317361434167324
378.766684712347	0.31794799188258
378.776263267215	0.328371189903117
378.785841093068	0.317381660295436
378.795418188637	0.357395683744261
378.80499455265	0.320489741982026
378.814570183837	0.338113441610539
378.824145080926	0.326766583739541
378.833719242648	0.316478226573087
378.843292667731	0.360510507473554
378.852865354904	0.337311138528751
378.862437302898	0.332969263027312
378.87200851044	0.345125166022802
378.88157897626	0.342502511410907
378.891148699088	0.355696688982828
378.900717677652	0.344302636812902
378.910285910683	0.361272358299117
378.919853396908	0.36117796970126
378.929420135057	0.353788690897568
378.93898612386	0.345206070535251
378.948551362046	0.363470264220654
378.958115848344	0.354590993979356
378.967679581483	0.347828725147145
378.977242560192	0.346156698556529
378.986804783201	0.352447024399453
378.996366249238	0.373124869372923
379.005926957034	0.346500542734438
379.015486905317	0.380392791407941
379.025046092816	0.378902799970335
379.034604518261	0.388746182318319
379.044162180381	0.389170931008677
379.053719077905	0.397544548047167
379.063275209562	0.378626376219467
379.072830574082	0.425335248073461
379.082385170194	0.382098528212078
379.091938996627	0.373010254646953
379.101492052109	0.371291033757408
379.111044335372	0.385159415599738
379.120595845143	0.386089817492904
379.130146580152	0.372760799066901
379.139696539128	0.394888183221753
379.1492457208	0.434025741119044
379.158794123898	0.395002797947722
379.16834174715	0.400686339947277
379.177888589287	0.43308185514047
379.187434649037	0.441435246050849
379.196979925129	0.415316572615171
379.206524416293	0.394133074438894
379.216068121257	0.394726374196854
379.225611038752	0.408763307106787
379.235153167506	0.395090444502876
379.244694506249	0.415181731761089
379.254235053709	0.387094381855815
379.263774808616	0.393742035962056
379.273313769699	0.411291573120824
379.282851935688	0.395306189869407
379.292389305311	0.429252374884542
379.301925877298	0.445662506826318
379.311461650378	0.439992448912171
379.320996623281	0.431086210500057
379.330530794735	0.417184118444206
379.340064163469	0.430931143517863
379.349596728214	0.451244918185312
379.359128487698	0.399486256345948
379.36865944065	0.442898269317638
379.378189585799	0.43824625985181
379.387718921876	0.439426117325027
379.397247447608	0.440821720164775
379.406775161726	0.460933233551101
379.416302062958	0.46917200973551
379.425828150034	0.448554843146377
379.435353421682	0.451035914861485
379.444877876633	0.4652076886255
379.454401513615	0.448446970463111
379.463924331358	0.440066611381916
379.47344632859	0.458863426440943
379.482967504041	0.460528710988855
379.492487856441	0.46905739500954
379.502007384518	0.461984992212941
379.511526087002	0.469569790255051
379.521043962621	0.48359998112228
379.530561010106	0.484584319357079
379.540077228185	0.47933901013329
379.549592615587	0.486337250460144
379.559107171042	0.456146383231191
379.568620893279	0.490085826203623
379.578133781028	0.479770500866352
379.587645833016	0.481813339805694
379.597157047975	0.522407178927071
379.606667424632	0.506495958145399
379.616176961717	0.499133647512523
379.62568565796	0.491858983434801
379.635193512088	0.516352824578791
379.644700522833	0.49478502996838
379.654206688923	0.491258941634136
379.663712009087	0.486775483235911
379.673216482054	0.489512752573775
379.682720106553	0.489910533093317
379.692222881315	0.484928163534988
379.701724805068	0.485177619115039
379.71122587654	0.504008144387587
379.720726094463	0.501291101177835
379.730225457564	0.494569284601849
379.739723964572	0.499302198580126
379.749221614218	0.513939173290724
379.758718405231	0.503704752465902
379.768214336339	0.496861579121242
379.777709406271	0.494326571064501
379.787203613758	0.512705379475874
379.796696957528	0.50110232398212
379.80618943631	0.509415262636273
379.815681048834	0.502147340601255
379.825171793829	0.512651443134241
379.834661670024	0.501722591910897
379.844150676148	0.495917693142668
379.853638810931	0.494326571064501
379.863126073102	0.509624265960101
379.872612461389	0.520553117183444
379.882097974523	0.505140807561875
379.891582611232	0.517229290130324
379.901066370246	0.512462665938526
379.910549250293	0.508869157177241
379.920031250104	0.508889383305354
379.929512368407	0.507979207540301
379.938992603932	0.517856300101805
379.948471955407	0.534448467196591
379.957950421562	0.497111034701294
379.967428001126	0.525737748022896
379.976904692829	0.521645328101508
379.986380495399	0.530517856300102
379.995855407566	0.520121626450382
380.00532942806	0.528744699068924
380.014802555608	0.553447543536741
380.024274788941	0.535304706620012
380.033746126788	0.540435401117831
380.043216567877	0.549638289408925
380.052686110939	0.535217060064858
380.062154754702	0.542525434356101
380.071622497895	0.536113751744503
380.081089339249	0.551910357800206
380.090555277491	0.551263121700613
380.100020311352	0.562967307834928
380.10948443956	0.545869487537334
380.118947660845	0.523937622620902
380.128409973935	0.597695569803739
380.137871377561	0.547575224341471
380.147331870451	0.552867727864188
380.156791451335	0.563479703080439
380.166250118941	0.58733305016754
380.175707872	0.591762572224132
380.18516470924	0.562225683137477
380.19462062939	0.603244270949212
380.204075631179	0.624185055588142
380.213529713338	0.637102809409195
380.222982874594	0.604511774977583
380.232435113678	0.634486896840004
380.241886429319	0.660201047713436
380.251336820245	0.660221273841548
380.260786285186	0.661306742716908
380.270234822872	0.695556319653729
380.27968243203	0.712451878670199
380.289129111392	0.747510500731512
380.298574859685	0.774121343284588
380.308019675639	0.811438549651773
380.317463557984	0.857540637662399
380.326906505448	0.894345448784072
380.336348516761	0.913546786405345
380.345789590651	0.94304996527848
380.355229725849	0.981027891830667
380.364668921083	0.979106409659999
380.374107175083	0.996366038982491
380.383544486578	0.987365411972519
380.392980854296	1
380.402416276968	0.974245396870344
380.411850753322	0.967415707611092
380.421284282089	0.935775301200758
380.430716861996	0.874982302137902
380.440148491773	0.854816852409943
380.449579170149	0.868954915960438
380.459008895854	0.71293056370219
380.468437667617	0.642617800341147
380.477865484166	0.553359896981588
380.487292344232	0.49328829648807
380.496718246544	0.433041402884246
380.50614318983	0.37897696244008
380.51556717282	0.314718553427317
380.524990194243	0.262589079239228
380.534412252828	0.23318028896395
380.543833347305	0.164687877133014
380.553253476403	0.150603749924152
380.56267263885	0.117250864666977
380.572090833377	0.0982720144549395
380.581508058713	0.0856037162139385
380.590924313586	0.0698745305852767
380.600339596725	0.0731376792540603
380.609753906861	0.056821935910142
380.619167242722	0.0754906521577907
380.628579603038	0.060246893603824
380.637990986537	0.0638943387067414
380.647401391949	0.0586894817391773
380.656810818004	0.0515698846436493
380.66621926343	0.0528980670563567
380.675626726956	0.0474302704233329
380.685033207312	0.0643999919095487
380.694438703228	0.0723084080014563
380.703843213431	0.0681081153968029
380.713246736652	0.0564578656041207
380.72264927162	0.0585883510986159
380.732050817064	0.0559859226148338
380.741451371712	0.0465942571280246
380.750850934296	0.0734410711757448
380.760249503542	0.0409107151284696
380.769647078182	0.0548465173978412
380.779043656943	0.0521159901026813
380.788439238556	0.039636469057395
380.79783382175	0.0366699702675916
380.807227405253	0.0638943387067414
380.816619987794	0.0422793497974016
380.826011568104	0.0436951787652623
380.835402144912	0.0465807730426164
380.844791716945	0.0587636442089224
380.854180282935	0.0589591634473413
380.863567841609	0.0520620537610485
380.872954391698	0.054428510750187
380.88233993193	0.0641640204149053
380.891724461035	0.068458701617416
380.901107977742	0.0437828253204156
380.91049048078	0.0576444651200421
380.919871968878	0.0505518361953304
380.929252440766	0.0470190058183828
380.938631895172	0.0472482352703222
380.948010330826	0.0459267949003189
380.957387746458	0.0569635188069281
380.966764140796	0.0414635626302057
380.976139512569	0.0337371816913088
380.985513860508	0.0466819036831779
380.99488718334	0.0517182095831395
381.004259479796	0.0604356707995388
381.013630748604	0.0389352966161688
381.023000988494	0.0370879769152457
381.032370198195	0.0525407387930395
381.041738376436	0.0618784679382159
381.051105521946	0.0621346655609716
381.060471633455	0.0381801878333097
381.069836709692	0.0633145230341889
381.079200749386	0.0352069470008023
381.088563751266	0.0293750800617571
381.097925714061	0.0473426238681796
381.107286636502	0.052230604828651
381.116646517316	0.0458593744732779
381.126005355233	0.036285673833458
381.135363148983	0.0508012917753821
381.144719897294	0.0392386885378532
381.154075598896	0.0440862172421
381.163430252518	0.0400140234488245
381.172783856889	0.0447199692562852
381.182136410739	0.054354348280442
381.191487912796	0.0400814438758655
381.20083836179	0.0495135616188993
381.21018775645	0.032105607356917
381.219536095506	0.0485764176830296
381.228883377686	0.0493113003377763
381.23822960172	0.0552712660881994
381.247574766337	0.043816535533936
381.256918870266	0.0527767102876829
381.266261912236	0.0445109659324582
381.275603890977	0.0360227341679982
381.284944805218	0.0566061905436109
381.294284653689	0.0437828253204156
381.303623435117	0.0562758304511101
381.312961148233	0.0375059835628998
381.322297791765	0.0372497859401441
381.331633364444	0.0591142304295355
381.340967864997	0.0483471882310902
381.350301292156	0.0409174571711737
381.359633644647	0.0326517128159489
381.368964921202	0.0648786769415397
381.378295120548	0.0446795170000607
381.387624241416	0.0355777593495277
381.396952282534	0.0450233611779697
381.406279242632	0.0724904431544669
381.415605120439	0.0639819852618947
381.424929914684	0.0342630610222285
381.434253624097	0.0324696776629383
381.443576247406	0.0520148594621198
381.452897783341	0.050727129305637
381.46221823063	0.0391510419826999
381.471537588005	0.0525137706222231
381.480855854192	0.0467223559394025
381.490173027922	0.0640426636462315
381.499489107924	0.0391712681108122
381.508804092927	0.0490348765869082
381.518117981661	0.0580017933833592
381.527430772854	0.0544757050491158
381.536742465236	0.0482595416759369
381.546053057536	0.0366564861821835
381.555362548483	0.0675485258523627
381.564670936806	0.0368722315487146
381.573978221236	0.0523115093411001
381.5832844005	0.045589692765114
381.592589473328	0.0606649002514781
381.601893438449	0.0344720643460555
381.611196294593	0.0601255368351503
381.620498040489	0.0406275493348974
381.629798674865	0.0474909488076697
381.639098196452	0.0420029260465336
381.648396603978	0.0461897345657787
381.657693896173	0.0348361346520769
381.666990071766	0.0615143976321946
381.676285129486	0.0475448851493025
381.685579068062	0.0495809820459403
381.694871886223	0.0502282181455337
381.704163582699	0.0659843719450119
381.713454156219	0.0616424964435724
381.722743605513	0.0386925830788212
381.732031929309	0.0445986124876115
381.741319126336	0.0550218105081477
381.750605195324	0.0519878912913034
381.759890135002	0.0512462665938526
381.769173944099	0.0471066523735361
381.778456621345	0.0456503711494508
381.787738165469	0.0649056451123561
381.797018575199	0.0495270457043075
381.806297849266	0.050592288451555
381.815575986398	0.0513676233625264
381.824852985324	0.068114857439507
381.834128844775	0.0531812328499288
381.843403563478	0.0479359236261402
381.852677140163	0.0527699682449789
381.86194957356	0.0707105438805849
381.871220862398	0.0415579512280631
381.880491005406	0.0677844973470062
381.889760001312	0.0523519615973248
381.899027848847	0.037721728929431
381.90829454674	0.0423332861390344
381.917560093719	0.0440120547723549
381.926824488514	0.067777755304302
381.936087729854	0.065101164350775
381.945349816469	0.0613053943083675
381.954610747088	0.0597344983583126
381.963870520439	0.0650135177956217
381.973129135252	0.0657686265784807
381.982386590257	0.0481853792061919
381.991642884182	0.0480235701812935
382.000898015757	0.0681013733540988
382.010151983711	0.0538284689495223
382.019404786773	0.0530733601666633
382.028656423673	0.046344801547973
382.037906893139	0.0537273383089608
382.0471561939	0.0532823634904903
382.056404324687	0.0720994046776292
382.065651284229	0.0573343311556535
382.074897071253	0.0524935444941108
382.084141684491	0.0469920376475665
382.09338512267	0.0483674143592025
382.10262738452	0.031492081470844
382.111868468771	0.0579680831698387
382.121108374152	0.0583523796039724
382.130347099391	0.0551027150205969
382.139584643218	0.0484483188716517
382.148821004362	0.0544689630064117
382.158056181553	0.0452863008434295
382.16729017352	0.0459739891992476
382.176522978991	0.046209960693891
382.185754596697	0.0584130579883093
382.194985025366	0.0562488622802936
382.204214263727	0.0346675835844744
382.213442310511	0.0394409498189762
382.222669164445	0.0732792621508464
382.231894824259	0.0571118437464182
382.241119288683	0.0356519218192728
382.250342556446	0.0407691322316835
382.259564626276	0.0627819016605651
382.268785496904	0.0486573221954788
382.278005167057	0.0485427074695091
382.287223635467	0.0383487389009121
382.296440900861	0.0347215199261072
382.305656961969	0.0509563587575763
382.31487181752	0.0543476062377379
382.324085466244	0.0498034694551755
382.333297906869	0.0594985268636692
382.342509138125	0.0597479824437208
382.351719158741	0.051549658515537
382.360927967447	0.0399196348509671
382.370135562971	0.069483492108439
382.379341944042	0.0490888129285411
382.388547109391	0.0372363018547359
382.397751057746	0.0469718115194541
382.406953787836	0.0489607141171632
382.41615529839	0.0454818200818484
382.425355588139	0.0454211416975115
382.434554655811	0.0442884785232229
382.443752500134	0.0618447577246954
382.45294911984	0.0390836215556589
382.462144513656	0.0505316100672182
382.471338680312	0.0385105479258106
382.480531618537	0.042447900865004
382.48972332706	0.0457717279181246
382.498913804611	0.0518395663518132
382.508103049919	0.0416388557405122
382.517291061712	0.0414837887583179
382.526477838721	0.0465538048718001
382.535663379675	0.0362317374918252
382.544847683302	0.04614254026685
382.554030748332	0.0621616337317881
382.563212573494	0.0545228993480444
382.572393157517	0.0322539322964071
382.581572499131	0.0329348786095211
382.590750597065	0.0602940879027527
382.599927450048	0.0617031748279094
382.609103056809	0.0364070306021318
382.618277416077	0.0495607559178279
382.627450526582	0.0744254094105432
382.636622387053	0.0534711406862051
382.645792996218	0.0552780081309035
382.654962352809	0.0456975654483795
382.664130455552	0.0644539282511815
382.673297303179	0.058601835184024
382.682462894417	0.0368250372497859
382.691627227997	0.0347484880969236
382.700790302646	0.058669255611065
382.709952117096	0.0607053525077028
382.719112670074	0.0379711845094827
382.728271960311	0.0330022990365621
382.737429986534	0.0393600453065269
382.746586747475	0.0529250352271731
382.75574224186	0.0321662857412538
382.764896468421	0.0218509604039832
382.774049425886	0.0579950513406552
382.783201112985	0.0802505343068842
382.792351528445	0.0395285963741294
382.801500670998	0.0328067797981432
382.810648539372	0.0365149032853974
382.819795132296	0.0609008717461216
382.828940448499	0.0490618447577247
382.838084486711	0.0356923740754974
382.847227245661	0.0416725659540327
382.856368724078	0.0204620996069389
382.865508920692	0.0486842903662951
382.874647834231	0.0358204728868752
382.883785463425	0.0523856718108452
382.892921807002	0.039636469057395
382.902056863693	0.0531947169353371
382.911190632227	0.0250062363895013
382.920323111332	0.0513069449781895
382.929454299738	0.0448143578541426
382.938584196174	0.0328337479689596
382.947712799369	0.038544258139331
382.956840108053	0.0501540556757886
382.965966120954	0.0343507075773818
382.975090836803	0.0289233632005825
382.984214254328	0.0537880166932977
382.993336372258	0.0436614685517418
383.002457189323	0.0448480680676631
383.011576704251	0.0258961860264423
383.020694915773	0.0399533450644876
383.029811822617	0.0453537212704705
383.038927423513	0.0390836215556589
383.048041717189	0.0458189222170533
383.057154702375	0.0319775085455391
383.0662663778	0.0488191312203771
383.075376742194	0.0684249914038955
383.084485794285	0.0372363018547359
383.093593532803	0.0154325357496814
383.102699956477	0.0422456395838811
383.111805064037	0.0390499113421384
383.120908854211	0.0272108843537415
383.130011325728	0.0574556879243273
383.139112477319	0.0449559407509287
383.148212307711	0.0453672053558787
383.157310815635	0.02108910957842
383.16640799982	0.0468706808788927
383.175503858994	0.0564983178603453
383.184598391887	0.0420231521746458
383.193691597229	0.0303189660403309
383.202783473748	0.0197069908240798
383.211874020174	0.0252287237987365
383.220963235235	0.0300492843321669
383.230051117662	0.023482534738375
383.239137666183	0.0306560681755358
383.248222879527	0.033062977420899
383.257306756424	0.0179136074647897
383.266389295604	0.0204149053080102
383.275470495794	0.0413017536053073
383.284550355725	0.0426838723596475
383.293628874126	0.0379577004240745
383.302706049725	0.0173540179203495
383.311781881252	0.0378902799970335
383.320856367437	0.0390162011286179
383.329929507008	0.0246151979126635
383.339001298695	0.0265029698698111
383.348071741227	0.0228285565960774
383.357140833334	0.0645752850198553
383.366208573743	0.0515294323874247
383.375274961185	0.0364272567302441
383.384339994389	0.0367711009081531
383.393403672084	0.0331910762322768
383.402465992999	0.0369261678903474
383.411526955864	0.0366564861821835
383.420586559408	0.0231791428166906
383.429644802359	0.0458728585586861
383.438701683448	0.0442817364805188
383.447757201403	0.0191811114931602
383.456811354953	0.0281075760333866
383.465864142828	0.0460818618825132
383.474915563758	0.0505450941526263
383.48396561647	0.022936429279343
383.493014299695	0.0228824929377102
383.502061612162	0.0400747018331614
383.5111075526	0.0687418674109881
383.520152119737	0.0489135198182345
383.529195312304	0.0267591674925669
383.53823712903	0.0350451379759039
383.547277568643	0.046756066152923
383.556316629874	0.0201384815571422
383.56535431145	0.0302380615278817
383.574390612103	0.0361980272783048
383.583425530559	0.0372363018547359
383.59245906555	0.0410118457690311
383.601491215803	0.0420298942173499
383.610521980049	0.0260108007524119
383.619551357017	0.0344855484314638
383.628579345435	0.021904896745616
383.637605944034	0.0418680851924516
383.646631151541	0.0192889841764257
383.655654966687	0.0433715607154655
383.6646773882	0.0360497023388146
383.67369841481	0.0126817823264092
383.682718045247	0.025673698617207
383.691736278238	0.0357665365452425
383.700753112515	0.0251073670300627
383.709768546805	0.0126548141555928
383.718782579837	0.0248983637062357
383.727795210342	0.0362249954491211
383.736806437049	0.0119468996716625
383.745816258686	0.0132413718708494
383.754824673982	0.0394274657335679
383.763831681668	0.037998152680299
383.772837280472	0.0182439675572905
383.781841469124	0.0307639408588014
383.790844246352	0.0221004159840348
383.799845610886	0.0519406969923747
383.808845561455	0.0144616816002913
383.817844096789	0.0185406174362708
383.826841215616	0.058055729724992
383.835836916666	0.0202733224112241
383.844831198668	0.024507325229398
383.853824060352	0.0353013355986596
383.862815500445	0.0320044767163555
383.871805517679	0.016774202247797
383.880794110781	0.0102816151237502
383.889781278481	0.0057981567255247
383.898767019509	0.0479494077115484
383.907751332593	0.0311954315918637
383.916734216463	0.0170034316997364
383.925715669848	0.0175427951160643
383.934695691477	0.0171989509381552
383.94367428008	0.0331101717198276
383.952651434385	0.0248376853218988
383.961627153122	0.0339731531859523
383.97060143502	0.0378700538689212
383.979574278809	0.0175090849025438
383.988545683217	0.0343911598336063
383.997515646973	0.0263074506313923
384.006484168808	0.0312695940616087
384.01545124745	0.0239072834287332
384.024416881628	0.0369935883173884
384.033381070072	0.0146369747105978
384.042343811511	0.0596535938458634
384.051305104673	0.0444772557189377
384.060264948289	0.0133155343405945
384.069223341088	0.0321662857412538
384.078180281798	0.0411736547939294
384.087135769149	0.0418883113205639
384.096089801871	0.022660005528475
384.105042378691	0.0410657821106638
384.113993498341	0.0281817385031317
384.122943159548	0.028957073414103
384.131891361042	0.0290379779265522
384.140838101552	0.0347687142250359
384.149783379808	0.0394746600324966
384.158727194538	0.0294964368304309
384.167669544473	0.0301099627165038
384.17661042834	0.024581487699143
384.18554984487	0.0372767541109605
384.194487792791	0.0226937157419955
384.203424270833	0.0291930449087465
384.212359277726	0.0157157015432535
384.221292812197	0.0405399027797442
384.230224872977	0.0437828253204156
384.239155458794	0.0210688834503078
384.248084568378	0.036562097584326
384.257012200459	0.0271367218839964
384.265938353765	0.0430816528791893
384.274863027025	0.0176708939274421
384.283786218969	0.021291370859543
384.292707928326	0.0241499969660808
384.301628153825	0.0398454723812221
384.310546894196	0.020259838325816
384.319464148167	0.0202935485393364
384.328379914468	0.061271684094847
384.337294191828	0.0206913290588782
384.346206978977	0.00836687499578619
384.355118274643	0.0183046459416274
384.364028077555	0.0569770028923363
384.372936386444	0.0237252482757226
384.381843200038	0.0247635228521537
384.390748517066	0.0345192586449843
384.399652336258	0.0353080776413638
384.408554656342	0.0308111351577301
384.417455476049	0.00674204270409849
384.426354794107	0.0242106753504176
384.435252609245	0.0165517148385618
384.444148920193	0.0362249954491211
384.45304372568	0.0416590818686245
384.461937024435	0.0345799370293211
384.470828815187	0.0321865118693662
384.479719096666	0.0387330353350458
384.488607867601	0.0298335389656358
384.497495126721	0.0326854230294694
384.506380872755	0.0493247844231845
384.515265104433	0.0150482393155478
384.524147820483	0.019713732866784
384.533029019635	0.0224240340338315
384.541908700618	0.0498169535405837
384.550786862161	0.0413826581177565
384.559663502994	0.0193833727742832
384.568538621846	0.0091556939921657
384.577412217446	0.0359553137409572
384.586284288523	0.0298672491791563
384.595154833806	0.0225116805889848
384.604023852026	0.0221071580267389
384.61289134191	0.0322606743391113
384.621757302187	0.0145493281554445
384.630621731589	0.0294829527450226
384.639484628843	0.0238600891298045
384.648345992678	0.0387262932923417
384.657205821825	0.0170910782548897
384.666064115011	0.0252489499268488
384.674920870967	0.0342023826378916
384.683776088422	0.0190799808525987
384.692629766105	0.0407623901889794
384.701481902744	0.0156010868172839
384.71033249707	0.0199497043614274
384.719181547812	0.0201452235998462
384.728029053698	0.00389690068296888
384.736875013458	0.0251275931581751
384.745719425821	0.035665405904681
384.754562289516	0.0495135616188993
384.763403603273	0.0255253736777168
384.772243365821	0.0120615143976322
384.781081575889	0.00548128071843202
384.789918232206	0.0165584568812658
384.798753333502	0.0178259609096364
384.807586878505	0.0238870573006209
384.816418865946	0.0121356768673773
384.825249294552	0.0376071142034613
384.834078163054	0.022936429279343
384.84290547018	0.0211632720481651
384.85173121466	0.0269816549018021
384.860555395223	0.0367036804811121
384.869378010598	0.0400544757050491
384.878199059515	0.0189721081693331
384.887018540702	0.0194575352440282
384.89583645289	0.0414972728437262
384.904652794806	0.0384566115841777
384.913467565181	0.026017542795116
384.922280762743	0.0111648227179871
384.931092386222	0.0297998287521153
384.939902434346	0.0378430856981048
384.948710905847	0.0207924596994397
384.957517799451	0.0146100065397814
384.966323113889	0.0227206839128119
384.97512684789	0.050727129305637
384.983929000183	0.00785447975027474
384.992729569498	0.0194103409450995
385.001528554562	0.0298267969229317
385.010325954107	0.0518597924799256
385.01912176686	0.0233679200124053
385.027915991552	0.0218509604039832
385.036708626911	0.0191069490234151
385.045499671667	0.0265501641687398
385.054289124548	0.019922736190611
385.063076984285	0.0226869736992914
385.071863249606	0.0472010409713935
385.08064791924	0.0226734896138832
385.089430991917	0.0309931703107407
385.098212466366	0.0240016720265906
385.106992341316	0.0328472320543678
385.115770615496	0.0362452215772334
385.124547287636	0.00976247783553456
385.133322356465	0.01260087781396
385.142095820711	0.0435131436122516
385.150867679105	0.0252287237987365
385.159637930376	0.0177517984398913
385.168406573252	0.0442480262669983
385.177173606463	0.038813939847495
385.185939028738	0.0486168699392542
385.194702838806	0.0215138582687782
385.203465035397	0.0342158667232998
385.21222561724	0.0380048947230032
385.220984583064	0.0260714791367488
385.229741931598	0.0279255408803759
385.238497661571	0.0333865954706957
385.247251771713	0.0405196766516319
385.256004260753	0.0270558173715472
385.26475512742	0.0298065707948194
385.273504370443	0.0251208511154709
385.282251988552	0.0280873499052743
385.290997980476	0.0268805242612407
385.299742344943	0.0338450543745744
385.308485080684	0.0278041841117021
385.317226186427	0.0257950553858808
385.325965660902	0.0552375558746789
385.334703502837	0.0304807750652292
385.343439710963	0.0394274657335679
385.352174284007	0.0495607559178279
385.360907220701	0.0182439675572905
385.369638519772	0.0428254552564336
385.37836817995	0.0309122657982916
385.387096199964	0.0524935444941108
385.395822578543	0.0213318231157676
385.404547314417	0.0102074526540051
385.413270406315	0.0218105081477586
385.421991852966	0.0131402412302879
385.4307116531	0.0400072814061204
385.439429805444	0.0405466448224483
385.448146308729	0.016504520539633
385.456861161685	0.0356384377338646
385.465574363039	0.0410860082387762
385.474285911522	0.0103894878070157
385.482995805862	0.0218509604039832
385.491704044789	0.0122907438495715
385.500410627032	0.0248107171510824
385.50911555132	0.0117581224759477
385.517818816383	0.00136189262622788
385.526520420949	0.0420433783027581
385.535220363749	0.0115828293656412
385.54391864351	0.000343844177908986
385.552615258963	0.0102344208248215
385.561310208836	0.020954268724338
385.570003491859	0.0308583294566588
385.578695106761	0.0184664549665257
385.587385052271	0.014650458796006
385.596073327118	0
385.604759930032	0.0192148217066807
385.613444859742	0.020947526681634
385.622128114977	0.00886578615588951
385.630809694467	0.0349642334634547
385.63948959694	0.0423602543098507
385.648167821125	0.0138953500131469
385.656844365753	0.0338383123318703
385.665519229551	0.0591007463441273
385.674192411251	0.0228690088523021
385.682863909579	0.0144077452586585
385.691533723267	0.0124255847036535
385.700201851042	0.0102883571664543
385.708868291635	0.00600041800664765
385.717533043774	0.0177046041409626
385.726196106189	0.0149403666322822
385.734857477609	0.0173607599630536
385.743517156763	0.0141380635504945
385.752175142381	0.0156415390735085
385.760831433191	0.0151493699561093
385.769486027923	0.0482190894197124
385.778138925305	0.0203407428382651
385.786790124068	0.0187698468882102
385.795439622941	0.0053059876081255
