360.967885413073	0.0134089607111156
360.976525280575	0.0129934717876725
360.98516685515	0.00640230659305377
360.993810135526	0.00954365466575175
361.002455120434	0.0126975933118874
361.011101808602	0.00882599197980471
361.01975019876	0.00568464390710673
361.028400289637	0.000950588294543869
361.037052079962	0.0253385290433053
361.045705568464	0.0180045200158641
361.054360753872	0.00399750706645934
361.063017634917	0
361.071676210326	0.0123009902486008
361.08033647883	0.00616308569773808
361.088998439157	0.00351276998910914
361.097662090036	0.00482218962662654
361.106327430198	0.0240542905526632
361.11499445837	0.00969474154700376
361.123663173283	0.00215298805784108
361.132333573665	0.00448224414380952
361.141005658246	0.00997802944935127
361.149679425755	0.0094240442180939
361.158354874921	0.0070255399782183
361.167032004474	0.00195153888283842
361.175710813142	0.00502993408834803
361.184391299655	0.0150709164048876
361.193073462742	0.00509918224225522
361.201757301132	0.00853640879073837
361.210442813555	0.00893301185402487
361.219129998739	0.0109978658978023
361.227818855414	0.00208373990393392
361.23650938231	0.00254329583440875
361.245201578154	0.00844827477667469
361.253895441678	0.0087315626790222
361.262590971609	0.00194524359611956
361.271288166677	0.00305950934535313
361.279987025611	0.0104564712399826
361.288687547141	0.0140699658165931
361.297389729996	0.00579166378132692
361.306093572904	0.00215298805784108
361.314799074596	0.00650932646727393
361.323506233799	0.0060119988164861
361.332215049245	0.00482218962662654
361.340925519661	0.00229148436565541
361.349637643777	0.00937997721106208
361.358351420322	0.00822793974151552
361.367066848026	0.00109537988907702
361.375783925618	0.00473405561256286
361.384502651826	0.00873785796574103
361.39322302538	0.00438151955630819
361.40194504501	0.0038778966188015
361.410668709444	0.0181744927572726
361.419394017412	0.0071577409993138
361.428120967642	0.0106012628345158
361.436849558866	0.00517472568288121
361.44557978981	0.0104061089462319
361.454311659205	0.00471516975240635
361.46304516578	0.0109915706110835
361.471780308264	0.00632046786570892
361.480517085386	0.00968215097356607
361.489255495875	0.0172616761830417
361.497995538462	0.0162607255947472
361.506737211874	0.00603717996336141
361.515480514841	0.000944293007825041
361.524225446093	0.00706960698525013
361.532972004359	0.0162103633009965
361.541720188367	0.00725846558681513
361.550469996847	0.00473405561256286
361.559221428528	0.00954994995247057
361.56797448214	0.00687445309696629
361.576729156412	0.0085427040774572
361.585485450073	0.0124206006962587
361.594243361851	0.0184074183658694
361.603002890477	0.0170665222947579
361.61176403468	0.0138118590611209
361.620526793188	0.0129871765009537
361.629291164731	0.0279447777449024
361.638057148039	0.0287128027246001
361.64682474184	0.0154864053283307
361.655593944863	0.0171609515955404
361.664364755839	0.0172805620431983
361.673137173495	0.0207618555987132
361.681911196562	0.0173183337635113
361.690686823769	0.0183444654986811
361.699464053844	0.0263080031980056
361.708242885517	0.0227574614885835
361.717023317517	0.0227889379221777
361.725805348574	0.0212402973893446
361.734588977416	0.0290275670605418
361.743374202774	0.033144684574659
361.752161023375	0.0252881667495546
361.760949437949	0.0296004381519556
361.769739445226	0.0351780621848422
361.778531043935	0.022587488747175
361.787324232805	0.0224426971526418
361.796119010565	0.0224238112924853
361.804915375944	0.0381997998098823
361.813713327672	0.0373562313895586
361.822512864478	0.0155745393423943
361.831313985091	0.0191250810518165
361.84011668824	0.0277433285698997
361.848920972654	0.030343281984778
361.857726837063	0.0202645279479254
361.866534280196	0.0221531139635754
361.875343300783	0.0284609912558467
361.884153897551	0.026219869183942
361.892966069231	0.0191313763385353
361.901779814552	0.0248789731128304
361.910595132243	0.026408727785507
361.919412021033	0.0242935114479789
361.928230479652	0.0240102235456314
361.937050506828	0.0217753967604454
361.945872101291	0.0196664757096362
361.954695261771	0.0248223155323609
361.963519986995	0.014869467229885
361.972346275695	0.0215739475854428
361.981174126598	0.0142210526978451
361.990003538433	0.0267738544151993
361.998834509932	0.0197231332901057
362.007667039821	0.0168776636931929
362.016501126831	0.023607325195626
362.025336769691	0.0261946880370666
362.03417396713	0.0211332775151244
362.043012717878	0.0217753967604454
362.051853020663	0.0225056500198302
362.060694874215	0.0116399851431233
362.069538277262	0.0149701918173863
362.078383228535	0.0145484076072245
362.087229726762	0.0247845438120479
362.096077770673	0.0187032968416546
362.104927358997	0.0175827358057023
362.113778490462	0.0178093661275803
362.1226311638	0.0249545165534564
362.131485377737	0.0236388016292202
362.140341131004	0.0111552480657731
362.14919842233	0.0102172503446669
362.158057250445	0.0316652921957331
362.166917614076	0.0179856341557076
362.175779511955	0.0166951003783467
362.184642942809	0.0119106824720332
362.193507905368	0.0165880805041266
362.202374398361	0.0211647539487186
362.211242420518	0.0163173831752167
362.220111970567	0.0135978193126806
362.228983047239	0.0172931526166359
362.237855649261	0.0186277534010286
362.246729775364	0.0101857739110728
362.255605424276	0.0123009902486008
362.264482594728	0.0127920226126699
362.273361285447	0.0238906130979735
362.282241495163	0.00923518561652889
362.291123222606	0.00837902662276753
362.300006466504	0.020503748843241
362.308891225588	0.0133523031306461
362.317777498585	0.00751657234228731
362.326665284226	0.00705072112509364
362.335554581239	0.0187410685619676
362.344445388354	0.0126472310181367
362.3533377043	0.0129619953540784
362.362231527807	0.0146680180548823
362.371126857602	0.0220838658096683
362.380023692417	0.0134026654243967
362.388922030979	0.0113000396603063
362.397821872018	0.00687445309696629
362.406723214263	0.0164432889095934
362.415626056444	0.022511945306549
362.42453039729	0.00605606582351792
362.43343623553	0.0167013956650655
362.442343569892	0.014529521747068
362.451252399108	0.0168147108260046
362.460162721904	0.0152975467267657
362.469074537012	0.0118603201782825
362.47798784316	0.00512436338913053
362.486902639077	0.0146491321947258
362.495818923492	0.00838532190948636
362.504736695135	0.00368903801723649
362.513655952735	0.0175701452322646
362.522576695021	0.0130375387947044
362.531498920723	0.00993396244231942
362.540422628569	0.00803908113995051
362.549347817289	0.0213662031237212
362.558274485611	0.0193768925205698
362.567202632267	0.00849234178370652
362.576132255983	0.00708219755868781
362.58506335549	0.0172364950361664
362.593995929518	0.0289835000535099
362.602929976794	0.0112685632267122
362.611865496048	0.00671707092899545
362.62080248601	0.0152282985728585
362.629740945409	0.0241676057136022
362.638680872974	0.0175953263791399
362.647622267434	0.0126409357314179
362.656565127519	0.0132326926829882
362.665509451957	0.0281462269199051
362.674455239478	0.0152975467267657
362.683402488811	0.0139251742220599
362.692351198685	0.0204722724096469
362.70130136783	0.0358705437239139
362.710252994975	0.0119610447657839
362.719206078849	0.00615049512430042
362.72816061818	0.0170854081549144
362.737116611699	0.0189047460166573
362.746074058135	0.0134593230048662
362.755032956217	0.00855529465089485
362.763993304674	0.0212214115291881
362.772955102235	0.0268431025691065
362.781918347629	0.00745361947509897
362.790883039586	0.0122632185282879
362.799849176835	0.0220335035159176
362.808816758106	0.0138055637744021
362.817785782126	0.0134089607111156
362.826756247626	0.0119106824720332
362.835728153335	0.0206611310112119
362.844701497983	0.0176771651064848
362.853676280297	0.0154297477478612
362.862652499008	0.01619147744084
362.871630152844	0.0202582326612065
362.880609240535	0.0212969549698141
362.889589760811	0.0108467790165503
362.8985717124	0.0142840055650334
362.907555094031	0.0293108549628893
362.916539904434	0.0170665222947579
362.925526142338	0.0125339158571977
362.934513806473	0.0166510333713149
362.943502895567	0.0228644813628037
362.952493408349	0.0218194637674773
362.96148534355	0.0215802428721616
362.970478699897	0.0120617693532852
362.979473476121	0.0199623541854214
362.98846967095	0.0140321940962801
362.997467283114	0.019257282072912
363.006466311342	0.0156186063494262
363.015466754363	0.0147687426423836
363.024468610907	0.0140636705298743
363.033471879702	0.0169909788541319
363.042476559478	0.0123576478290704
363.051482648965	0.0186781156947793
363.06049014689	0.0221782951104508
363.069499051984	0.0136859533267442
363.078509362976	0.0206044734307424
363.087521078594	0.0216809674596629
363.096534197569	0.0273215443597379
363.10554871863	0.0172239044627287
363.114564640504	0.020012716479172
363.123581961923	0.0183759419322753
363.132600681615	0.022851890789366
363.141620798309	0.01656919464397
363.150642310734	0.018955108310408
363.15966521762	0.0271075046112975
363.168689517696	0.0301607186699318
363.177715209691	0.0136230004595559
363.186742292335	0.0149261248103545
363.195770764356	0.0179415671486758
363.204800624484	0.0249419259800187
363.213831871448	0.0192824632197873
363.222864503977	0.0227322803417082
363.231898520801	0.0158641225314607
363.240933920648	0.0281021599128732
363.249970702248	0.0239157942448489
363.259008864331	0.0145735887540998
363.268048405624	0.0343848560582692
363.277089324858	0.0229777965237427
363.286131620762	0.0132201021095506
363.295175292065	0.018879564869782
363.304220337496	0.019446140674477
363.313266755785	0.0189739941705645
363.32231454566	0.0177338226869543
363.331363705851	0.0192383962127555
363.340414235087	0.0343722654848315
363.349466132098	0.0264590900792576
363.358519395612	0.0132201021095506
363.367574024358	0.015775988517397
363.376630017067	0.0270004847370773
363.385687372467	0.0254455489175254
363.394746089287	0.0215613570120051
363.403806166257	0.0218824166346656
363.412867602106	0.0213913842705966
363.421930395563	0.0329747118332504
363.430994545357	0.0144602735931608
363.440060050217	0.020088259919798
363.449126908874	0.0221279328167001
363.458195120055	0.0218509402010715
363.46726468249	0.0184451900861825
363.476335594909	0.0217816920471643
363.48540785604	0.0270319611706715
363.494481464613	0.0313001655660407
363.503556419357	0.0176205075260152
363.512632719002	0.0180297011627394
363.521710362276	0.026484271226133
363.530789347908	0.0353039679192189
363.539869674629	0.0184892570932143
363.548951341166	0.0128549754798582
363.55803434625	0.0230911116846817
363.56711868861	0.0320744858324572
363.576204366974	0.0181681974705538
363.585291380072	0.0200756693463604
363.594379726634	0.0244823700495439
363.603469405388	0.0251433751550214
363.612560415063	0.0204533865494904
363.62165275439	0.0192887585065062
363.630746422096	0.0287065074378813
363.639841416912	0.022247543264358
363.648937737567	0.0224489924393606
363.658035382789	0.0220209129424799
363.667134351308	0.0259365812815945
363.676234641853	0.0248474966792362
363.685336253154	0.022625260467488
363.69443918394	0.0253511196167429
363.703543432939	0.0309602200832237
363.712648998881	0.0274096783738015
363.721755880496	0.0210451435010607
363.730864076512	0.0229715012370238
363.739973585659	0.0233555137268727
363.749084406666	0.0297641156066453
363.758196538262	0.0283161996613136
363.767309979176	0.0212843643963764
363.776424728138	0.0282721326542817
363.785540783877	0.0364308242418901
363.794658145122	0.0214417465643473
363.803776810602	0.0236891639229709
363.812896779046	0.0273089537863002
363.822018049185	0.0350773375973409
363.831140619746	0.0199686494721402
363.840264489459	0.0244068266089179
363.849389657054	0.0274537453808334
363.858516121259	0.0244697794761062
363.867643880804	0.0237647073635969
363.876772934418	0.022096456383106
363.885903280831	0.0399813659513122
363.89503491877	0.0240416999792255
363.904167846967	0.0205478158502729
363.913302064149	0.0296193240121121
363.922437569047	0.0218635307745091
363.931574360389	0.0233177420065597
363.940712436904	0.0237521167901592
363.949851797322	0.0229903870971803
363.958992440372	0.0229211389432732
363.968134364783	0.0258106755472178
363.977277569285	0.0233303325799973
363.986422052607	0.0258232661206554
363.995567813477	0.0260247152956581
364.004714850625	0.0366322734168927
364.013863162781	0.0225371264534243
364.023012748673	0.0262387550440985
364.032163607031	0.0305950934535313
364.041315736584	0.0434752500802649
364.050469136061	0.0247530673784537
364.059623804191	0.0380424176419115
364.068779739705	0.0395847628880257
364.077936941329	0.0455086276904481
364.087095407795	0.0212151162424693
364.096255137832	0.0284043336753772
364.105416130167	0.0372114397950255
364.114578383532	0.0332139327285661
364.123741896654	0.0274411548073957
364.132906668264	0.029625619298831
364.14207269709	0.0330943222809083
364.151239981861	0.0387537850411397
364.160408521308	0.0298459543339901
364.169578314158	0.0287002121511624
364.178749359142	0.0432486197583869
364.187921654988	0.0358012955700067
364.197095200425	0.0277622144300562
364.206269994184	0.0307335897613457
364.215446034993	0.0374065936833093
364.224623321581	0.0434689547935461
364.233801852678	0.0377402438794075
364.242981627012	0.0307524756215022
364.252162643314	0.0365693205497044
364.261344900312	0.0432171433247927
364.270528396735	0.0464655112717109
364.279713131313	0.0384956782856675
364.288899102774	0.0407368003575723
364.298086309849	0.0528804084382023
364.307274751266	0.0384264301317603
364.316464425755	0.0367959508715824
364.325655332045	0.0410767458403893
364.334847468864	0.0302551479707143
364.344040834943	0.0435004312271402
364.35323542901	0.0428897884154134
364.362431249794	0.0378661496137842
364.371628296026	0.0511051375834912
364.380826566433	0.031816379076985
364.390026059746	0.0394840383005244
364.399226774694	0.0343281984777997
364.408428710005	0.0413978054630498
364.417631864409	0.0305384358730618
364.426836236635	0.0338371661137306
364.436041825413	0.0409004778122619
364.445248629471	0.0314323665871362
364.454456647539	0.0299844506418045
364.463665878346	0.0250804222878331
364.472876320622	0.0352976726325
364.482087973094	0.025879923701125
364.491300834494	0.0257729038269048
364.500514903549	0.0274411548073957
364.50973017899	0.0322192774269904
364.518946659545	0.0321059622660514
364.528164343944	0.0232925608596844
364.537383230915	0.0237332309300027
364.546603319188	0.0311994409785394
364.555824607493	0.0305762075933748
364.565047094558	0.0246082757839206
364.574270779113	0.0226315557542068
364.583495659887	0.0248663825393928
364.592721735608	0.0297389344597699
364.601949005007	0.0203022996682384
364.611177466813	0.0202204609408935
364.620407119755	0.019748314436981
364.629637962561	0.0239661565385995
364.638869993961	0.0292730832425763
364.648103212686	0.0195405699752595
364.657337617462	0.0174757159314821
364.666573207021	0.0279258918847459
364.67580998009	0.0206233592908989
364.6850479354	0.0219516647885728
364.69428707168	0.0294997135644543
364.703527387658	0.020352661961989
364.712768882064	0.0239220895315677
364.722011553628	0.015247184433015
364.731255401078	0.0299152024878973
364.740500423143	0.0267675591284805
364.749746618553	0.0169217307002247
364.758993986038	0.0221531139635754
364.768242524325	0.0344981712192082
364.777492232145	0.0310798305308815
364.786743108227	0.0183444654986811
364.7959951513	0.0216180145924746
364.805248360093	0.0286561451441306
364.814502733335	0.0250363552808013
364.823758269756	0.0202393468010501
364.833014968085	0.0198931060315142
364.84227282705	0.026710901548011
364.851531845382	0.0305950934535313
364.86079202181	0.016833596686161
364.870053355062	0.0172868573299171
364.879315843868	0.0317093592027649
364.888579486957	0.0245012559097004
364.897844283058	0.0209821906338724
364.907110230902	0.0285743064167857
364.916377329215	0.0249671071268941
364.925645576729	0.0264968617995706
364.934914972172	0.0247467720917349
364.944185514274	0.0252252138823663
364.953457201763	0.0196790662830739
364.962730033369	0.0328739872457491
364.972004007821	0.0236576874893767
364.981279123849	0.0239661565385995
364.990555380181	0.0203589572487079
364.999832775547	0.0248286108190797
365.009111308676	0.0232233127057772
365.018390978297	0.0249734024136129
365.027671783139	0.0242557397276659
365.036953721932	0.0234121713073422
365.046236793405	0.0215487664385674
365.055520996287	0.0211206869416868
365.064806329307	0.0280895693394356
365.074092791195	0.0327040145043406
365.083380380679	0.0175008970783574
365.09266909649	0.0209570094869971
365.101958937356	0.021907597781541
365.111249902006	0.0300348129355551
365.120541989169	0.0288450037456956
365.129835197576	0.0247152956581407
365.139129525954	0.0255840452253398
365.148424973034	0.0274096783738015
365.157721537544	0.0293045596761704
365.167019218214	0.0275104029613029
365.176318013773	0.0310672399574439
365.18561792295	0.0323388878746482
365.194918944474	0.0243690548886049
365.204221077075	0.0285302394097539
365.213524319482	0.0229022530831167
365.222828670424	0.0245830946370452
365.23213412863	0.0214480418510661
365.241440692829	0.0229840918104615
365.250748361752	0.0244697794761062
365.260057134126	0.0341330445895158
365.269367008681	0.0246082757839206
365.278677984146	0.0308594954957223
365.287990059252	0.030645455747282
365.297303232725	0.0301984903902448
365.306617503297	0.0304314159988416
365.315932869696	0.0193768925205698
365.325249330652	0.0358327720036009
365.334566884893	0.0193139396533815
365.343885531149	0.0226378510409256
365.353205268149	0.0234877147479682
365.362526094622	0.0277622144300562
365.371848009298	0.0374002983965905
365.381171010906	0.018237445624461
365.390495098175	0.0246145710706394
365.399820269833	0.0219642553620104
365.409146524612	0.0238213649440664
365.418473861239	0.0195090935416653
365.427802278443	0.0227952332088965
365.437131774955	0.0237269356432838
365.446462349503	0.0347373921145238
365.455794000817	0.0279384824581835
365.465126727625	0.0305069594394677
365.474460528657	0.0252755761761169
365.483795402642	0.0253888913370559
365.49313134831	0.0272208197722365
365.502468364389	0.0299152024878973
365.51180644961	0.0382249809567577
365.5211456027	0.0241424245667269
365.530485822389	0.0272522962058307
365.539827107407	0.0299089072011785
365.549169456483	0.030192195103526
365.558512868345	0.0397988026364661
365.567857341724	0.0261191445964406
365.577202875348	0.0297137533128946
365.586549467946	0.0321689151332397
365.595897118249	0.0327417862246536
365.605245824984	0.0324081360285554
365.614595586882	0.0254077771972124
365.623946402671	0.0352410150520305
365.63329827108	0.0240479952659444
365.64265119084	0.0359901541715717
365.652005160679	0.0287820508785073
365.661360179326	0.0307839520550963
365.67071624551	0.0302929196910273
365.680073357961	0.0332013421551284
365.689431515409	0.0296445051589874
365.698790716581	0.034051205862171
365.708150960208	0.0391692739645827
365.717512245019	0.0371799633614313
365.726874569742	0.03567538983563
365.736237933107	0.0420965822888403
365.745602333844	0.0420588105685273
365.754967770682	0.0305195500129053
365.764334242349	0.0314260713004174
365.773701747575	0.0321500292730832
365.783070285089	0.0486499757631461
365.79243985362	0.0286246687105364
365.801810451898	0.0338119849668553
365.811182078652	0.0435130218005779
365.820554732611	0.0356124369684417
365.829928412505	0.0285428299831916
365.839303117061	0.0324962700426191
365.848678845011	0.0277370332831809
365.858055595082	0.0403905595880364
365.867433366005	0.0394399712934926
365.876812156508	0.0349766130098395
365.88619196532	0.0346051910934283
365.895572791172	0.0376772910122192
365.904954632791	0.0354613500871897
365.914337488907	0.0303495772714968
365.92372135825	0.0415300064841453
365.933106239549	0.0451057293404428
365.942492131533	0.03162752047542
365.95187903293	0.0362104892067309
365.961266942472	0.0450490717599733
365.970655858885	0.0502363880162922
365.980045780901	0.0355368935278157
365.989436707247	0.0354235783668767
365.998828636654	0.0370981246340864
366.00822156785	0.0502300927295733
366.017615499564	0.0328865778191867
366.027010430527	0.0363489855145452
366.036406359466	0.0392888844122405
366.045803285112	0.041844770820087
366.055201206194	0.0317156544894837
366.06460012144	0.0414796441903946
366.07400002958	0.0440418258849599
366.083400929344	0.0361223551926672
366.092802819459	0.0336797839457598
366.102205698657	0.0329998929801258
366.111609565665	0.0380927799356622
366.121014419213	0.0460122506279548
366.130420258031	0.0421595351560287
366.139827080847	0.0430597611568219
366.149234886391	0.0389993012231742
366.158643673392	0.0511680904506796
366.168053440579	0.0468054567545279
366.177464186681	0.0397673262028719
366.186875910428	0.0523704902139768
366.196288610549	0.048505184168613
366.205702285772	0.0396666016153706
366.215116934828	0.047139106950626
366.224532556446	0.0476930921818834
366.233949149354	0.0511806810241172
366.243366712282	0.0416370263583655
366.252785243959	0.0447028309904374
366.262204743115	0.0418888378271188
366.271625208478	0.0418573613935246
366.281046638778	0.0429968082896336
366.290469032744	0.0402772444270974
366.299892389105	0.0384704971387922
366.309316706591	0.0531259246202368
366.31874198393	0.0433430490591694
366.328168219852	0.0399813659513122
366.337595413087	0.0447846697177823
366.347023562362	0.0409067730989808
366.356452666408	0.0473090796920346
366.365882723954	0.0398554602169356
366.375313733729	0.0455967617045118
366.384745694462	0.0553670466921416
366.394178604883	0.050582628785828
366.40361246372	0.0451560916341935
366.413047269703	0.0400002518114687
366.422483021561	0.0483478020006421
366.431919718023	0.0487192239170533
366.441357357819	0.0468495237615597
366.450795939678	0.0510044129959899
366.460235462329	0.0532958973616453
366.4696759245	0.0513947207725576
366.479117324922	0.0479700847975121
366.488559662324	0.0478756554967296
366.498002935435	0.0555055429999559
366.507447142983	0.0524082619342898
366.516892283699	0.047176878670939
366.526338356312	0.0597548615351686
366.53578535955	0.0499468048272258
366.545233292143	0.0509477554155204
366.55468215282	0.0517535521155311
366.564131940311	0.0523704902139768
366.573582653344	0.050507085345202
366.583034290649	0.0492291421412788
366.592486850955	0.052553053528823
366.601940332991	0.0552348456710461
366.611394735487	0.0562420915460594
366.620850057171	0.0601451693117363
366.630306296773	0.0554299995593299
366.639763453023	0.058602824065622
366.649221524648	0.064318944406323
366.65868051038	0.0552915032515156
366.668140408946	0.0517283709686557
366.677601219076	0.0584328513242135
366.687062939499	0.0641237905180391
366.696525568945	0.0482470774131408
366.705989106142	0.049713879218629
366.71545354982	0.0545234782718179
366.724918898709	0.0595660029336036
366.734385151536	0.0625940358453626
366.743852307033	0.0554488854194864
366.753320363926	0.0596037746539166
366.762789320947	0.0689145037110715
366.772259176824	0.0600570352976726
366.781729930287	0.0649107013578933
366.791201580064	0.0789051237338604
366.800674124885	0.0786281311182318
366.810147563479	0.0638279120422539
366.819621894575	0.0671581187165169
366.829097116903	0.0674477019055833
366.838573229192	0.0750649988353719
366.84805023017	0.0668874213876071
366.857528118568	0.0669503742547954
366.867006893114	0.0766577063752368
366.876486552537	0.0747502344994302
366.885967095568	0.0701798563415571
366.895448520934	0.0660375576805646
366.904930827366	0.0801389999307518
366.914414013592	0.0776712475369691
366.923898078342	0.0810832929385769
366.933383020345	0.0811336552323275
366.94286883833	0.0866986886917765
366.952355531026	0.0787225604190143
366.961843097163	0.0839728295425215
366.971331535469	0.0931450622918621
366.980820844675	0.0946874075379763
366.990311023509	0.0962171622106528
366.9998020707	0.0909291213668326
367.009293984978	0.0952413927692336
367.018786765072	0.11377471686948
367.028280409711	0.112767470994466
367.037774917625	0.108090072962373
367.047270287541	0.108738487494413
367.056766518191	0.106125943506097
367.066263608303	0.112144237609302
367.075761556606	0.115745141612475
367.085260361829	0.108908460235821
367.094760022702	0.112566021819464
367.104260537953	0.115008593066371
367.113761906313	0.107290571549081
367.12326412651	0.10335601734981
367.132767197274	0.105093516484208
367.142271117333	0.105981151911564
367.151775885418	0.0948259038457906
367.161281500256	0.0976147158622339
367.170787960578	0.0968970531762869
367.180295265113	0.101794786243539
367.189803412589	0.0821597869674974
367.199312401736	0.0779671260127542
367.208822231284	0.0756819369338176
367.218332899961	0.077066900011961
367.227844406497	0.0726350181619022
367.237356749621	0.0672273668704241
367.246869928062	0.0652821232743045
367.256383940549	0.0666104287719784
367.265898785812	0.0529937235991413
367.27541446258	0.054177237502282
367.284930969582	0.0554111136991734
367.294448305547	0.0499279189670693
367.303966469204	0.0466606651599947
367.313485459283	0.0435256123740155
367.323005274513	0.0524082619342898
367.332525913623	0.0395155147341186
367.342047375343	0.0356942756957866
367.351569658401	0.0339504812746696
367.361092761527	0.037532499417686
367.37061668345	0.0347562779746803
367.380141422899	0.0334216771902876
367.389666978603	0.030456597145717
367.399193349292	0.0367078168575188
367.408720533695	0.0293360361097646
367.418248530541	0.0310735352441627
367.42777733856	0.0290275670605418
367.43730695648	0.0319926471051124
367.446837383031	0.0320618952590195
367.456368616941	0.0273719066534885
367.465900656941	0.0229463200901485
367.475433501759	0.035108814030935
367.484967150125	0.0322381632871469
367.494501600768	0.0249104495464246
367.504036852417	0.0299781553550856
367.513572903801	0.0222727244112333
367.52310975365	0.0323011161543352
367.532647400692	0.0303181008379027
367.542185843657	0.0246334569307959
367.551725081275	0.0300914705160246
367.561265112274	0.0388733954887975
367.570805935383	0.0225434217401431
367.580347549332	0.0187095921283735
367.58988995285	0.0390685493770814
367.599433144667	0.0290653387808548
367.608977123511	0.0244194171823555
367.618521888112	0.0244886653362627
367.628067437198	0.0408438202317924
367.6376137695	0.0283036090878759
367.647160883746	0.0320178282519877
367.656708778666	0.0286498498574117
367.666257452988	0.0279258918847459
367.675806905443	0.0313694137199479
367.685357134759	0.0254392536308066
367.694908139665	0.0261883927503478
367.704459918891	0.0415174159107077
367.714012471165	0.030343281984778
367.723565795218	0.0284043336753772
367.733119889778	0.0243375784550107
367.742674753575	0.040824934371636
367.752230385338	0.0352347197653117
367.761786783795	0.0289772047667911
367.771343947677	0.0218383496276338
367.780901875712	0.0360656976121977
367.79046056663	0.0330817317074706
367.800020019159	0.035750933276256
367.80958023203	0.0262513456175362
367.819141203971	0.0348003449817122
367.828702933712	0.035448759513752
367.838265419981	0.0299844506418045
367.847828661508	0.0335790593582584
367.857392657022	0.0348381167020252
367.866957405253	0.0423483937575937
367.87652290493	0.0286561451441306
367.886089154781	0.0277118521363055
367.895656153536	0.037645814578625
367.905223899925	0.0344792853590517
367.914792392676	0.031400890153542
367.924361630518	0.0296570957324251
367.933931612182	0.0390307776567684
367.943502336396	0.0422098974497793
367.953073801889	0.034088977582484
367.962646007391	0.0284609912558467
367.972218951631	0.0535854805507117
367.981792633337	0.04301569414979
367.99136705124	0.0368903801723649
368.000942204068	0.0368274273051766
368.010518090551	0.0437837191294878
368.020094709418	0.0402835397138162
368.029672059398	0.0310294682371308
368.039250139221	0.0318352649371415
368.048828947615	0.0396225346083387
368.058408483309	0.0326914239309029
368.067988745034	0.0250111741339259
368.077569731518	0.0252944620362734
368.087151441491	0.0338056896801365
368.096733873681	0.0335538782113831
368.106317026818	0.0358390672903197
368.115900899631	0.0330628458473141
368.125485490849	0.0376961768723756
368.135070799202	0.0397988026364661
368.144656823418	0.0405416464692884
368.154243562228	0.0361097646192296
368.16383101436	0.0383382961176967
368.173419178543	0.0310042870902555
368.183008053507	0.030192195103526
368.192597637981	0.0344792853590517
368.202187930693	0.042071401141965
368.211778930374	0.0373310502426833
368.221370635753	0.0317849026433909
368.230963045558	0.0328362155254361
368.240556158519	0.035448759513752
368.250149973366	0.0394777430138056
368.259744488827	0.0338182802535741
368.269339703631	0.0360279258918847
368.278935616508	0.0398113932099037
368.288532226187	0.0458233920263898
368.298129531398	0.0351528810379668
368.307727530869	0.0340575011488898
368.317326223329	0.0421280587224345
368.326925607509	0.0381620280895693
368.336525682137	0.0353669207864072
368.346126445942	0.0358831342973516
368.355727897653	0.0351025187442162
368.365330036001	0.0373625266762775
368.374932859713	0.0304628924324358
368.38453636752	0.0373688219629963
368.39414055815	0.0366133875567363
368.403745430333	0.0355431888145345
368.413350982798	0.0344415136387387
368.422957214274	0.0302803291175897
368.43256412349	0.0390559588036437
368.442171709175	0.0407493909310099
368.45177997006	0.0402079962731902
368.461388904872	0.0344981712192082
368.470998512342	0.0513758349124011
368.480608791198	0.0494557724631568
368.49021974017	0.0324836794691814
368.499831357986	0.0297955920402395
368.509443643377	0.0446084016896549
368.519056595071	0.0432108480380739
368.528670211798	0.0442117986263684
368.538284492286	0.0391629786778639
368.547899435265	0.0587539109468741
368.557515039464	0.0495376111905017
368.567131303613	0.0415488923443018
368.576748226441	0.0374317748301846
368.586365806676	0.0483666878607986
368.595984043048	0.0360656976121977
368.605602934287	0.0411396987075776
368.615222479121	0.0389741200762989
368.624842676279	0.0473090796920346
368.634463524492	0.0454708559701351
368.644085022488	0.0435507935208909
368.653707168996	0.0353102632059377
368.663329962746	0.0456345334248248
368.672953402467	0.0475168241537561
368.682577486887	0.0332517044488791
368.692202214737	0.0334342677637253
368.701827584745	0.0418321802466493
368.711453595641	0.0371421916411183
368.721080246154	0.034882183709057
368.730707535013	0.045968183620923
368.740335460948	0.0410452694067951
368.749964022687	0.0371484869278371
368.75959321896	0.0382249809567577
368.769223048495	0.0446776498435621
368.778853510023	0.047290193831878
368.788484602273	0.0448035555779388
368.798116323973	0.0409445448192938
368.807748673853	0.0372869832356514
368.817381650642	0.0507966685342684
368.827015253069	0.0505259712053585
368.836649479864	0.049185075134247
368.846284329756	0.0424176419115008
368.855919801474	0.0522445844796001
368.865555893746	0.0480645140982946
368.875192605304	0.0441992080529308
368.884829934875	0.0344226277785822
368.894467881188	0.0512499291780244
368.904106442974	0.0464781018451485
368.913745618961	0.0394840383005244
368.923385407879	0.0370603529137734
368.933025808456	0.0413411478825803
368.942666819422	0.0432108480380739
368.952308439507	0.0462514715232705
368.961950667439	0.0418825425404
368.971593501947	0.0570478882460701
368.981236941761	0.0475420053006314
368.990880985611	0.0453890172427903
369.000525632224	0.0444573148084029
369.010170880331	0.041391510176331
369.019816728661	0.0431856668911986
369.029463175942	0.0430723517302595
369.039110220905	0.0420965822888403
369.048757862278	0.0458422778865463
369.058406098791	0.0507463062405177
369.068054929173	0.0419769718411825
369.077704352152	0.0437522426958936
369.087354366459	0.046610302866244
369.097004970822	0.0402583585669409
369.106656163971	0.0465914170060875
369.116307944635	0.0470509729365624
369.125960311543	0.0513317679053692
369.135613263424	0.0601640551718928
369.145266799008	0.0446084016896549
369.154920917023	0.0435570888076097
369.1645756162	0.0487947673576793
369.174230895267	0.0483478020006421
369.183886752953	0.0432612103318245
369.193543187988	0.0514954453600589
369.2032001991	0.0508785072616132
369.21285778502	0.0448287367248141
369.222515944476	0.0439725777310528
369.232174676198	0.0509288695553639
369.241833978914	0.0575578064702957
369.251493851355	0.0617504674250388
369.261154292248	0.0475671864475067
369.270815300324	0.050658172226454
369.280476874311	0.0577970273656114
369.29013901294	0.0631543163633388
369.299801714938	0.0569912306656006
369.309464979036	0.0529370660186718
369.319128803962	0.060119988164861
369.328793188446	0.0615490182500362
369.338458131217	0.0539443118936852
369.348123631004	0.0576018734773275
369.357789686536	0.0575641017570145
369.367456296543	0.0613979313687842
369.377123459754	0.0571423175468527
369.386791174897	0.0522131080460059
369.396459440704	0.0596100699406354
369.406128255901	0.0705953452650001
369.415797619219	0.0528426367178893
369.425467529387	0.0539191307468099
369.435137985134	0.0710423106220373
369.44480898519	0.0646148228821081
369.454480528283	0.0584895089046831
369.464152613143	0.0545549547054121
369.473825238499	0.0610328047390918
369.48349840308	0.053232944494457
369.493172105616	0.0552474362444837
369.502846344835	0.0571612034070092
369.512521119467	0.0555622005804254
369.522196428241	0.0651184458196148
369.531872269887	0.0590371988492216
369.541548643133	0.0629465719016172
369.551225546709	0.0698587967188965
369.560902979343	0.0710989682025068
369.570580939766	0.0666670863524479
369.580259426707	0.0588357496742189
369.589938438894	0.0748887308072446
369.599617975057	0.0729371919244062
369.609298033925	0.0696069852501432
369.618978614227	0.0674288160454268
369.628659714693	0.0650303118055512
369.638341334051	0.0709227001743794
369.648023471032	0.0698965684392095
369.657706124363	0.0623422243766092
369.667389292775	0.0716151817134511
369.677072974997	0.0772620539002449
369.686757169757	0.0679450295563711
369.696441875786	0.0611461199000308
369.706127091812	0.061706400418007
369.715812816564	0.0630724776359939
369.725499048772	0.064470031287575
369.735185787165	0.0634438995524051
369.744873030472	0.0882158527910153
369.754560777422	0.0678506002555886
369.764249026745	0.0708408614470346
369.77393777717	0.0698273202853024
369.783627027425	0.0755371453392844
369.793316776241	0.0732015939665972
369.803007022347	0.0680331635704348
369.812697764471	0.0673280914579254
369.822389001343	0.0765821629346109
369.832080731692	0.0860691600198931
369.841772954247	0.07351006301582
369.851465667738	0.0738625990720747
369.861158870894	0.0838469238081448
369.870852562444	0.0787477415658896
369.880546741117	0.080510421847163
369.890241405642	0.0731575269595654
369.899936554749	0.0881843763574212
369.909632187167	0.0842120504378372
369.919328301625	0.0779167637190036
369.929024896853	0.0822038539745292
369.938721971578	0.0887635427355539
369.948419524532	0.0795535382659003
369.958117554442	0.0742654974220801
369.967816060039	0.0720180800634565
369.977515040051	0.083651769919861
369.987214493208	0.0806929851620092
369.996914418239	0.07680249796977
370.006614813872	0.0754553066119396
370.016315678838	0.0806678040151338
370.026017011866	0.0840357824097098
370.035718811684	0.0734408148619129
370.045421077022	0.0784392725166668
370.055123806609	0.0977972791770801
370.064826999175	0.0900540765129148
370.074530653448	0.0802963820987227
370.084234768158	0.0859747307191106
370.093939342034	0.0894875007082197
370.103644373805	0.0909668930871456
370.113349862201	0.0874667136714741
370.12305580595	0.0783826149361973
370.132762203783	0.0898526273379121
370.142469054427	0.0938816108379656
370.152176356613	0.0814106478479562
370.161884109069	0.0819142707854629
370.171592310525	0.092427399605915
370.181300959711	0.0879577460355432
370.191010055354	0.0851752293058187
370.200719596185	0.0836580652065798
370.210429580932	0.087284150356628
370.220140008326	0.0855088795019169
370.229850877094	0.0843820231792457
370.239562185967	0.0822856927018741
370.249273933673	0.0962927056512789
370.258986118942	0.0871393587620948
370.268698740504	0.0826193428979723
370.278411797086	0.0869505001605298
370.288125287419	0.0940641741528118
370.297839210231	0.0955750429653318
370.307553564252	0.0994907113044463
370.317268348211	0.09186082380122
370.326983560838	0.102820917978709
370.336699200861	0.110557825356156
370.34641526701	0.102751669824802
370.356131758013	0.0934094643340531
370.365848672601	0.101725538089632
370.375566009503	0.100586091193523
370.385283767447	0.10157445120838
370.395001945162	0.101801081530258
370.404720541379	0.10098269425681
370.414439554826	0.106006333058439
370.424158984233	0.0960345988958067
370.433878828328	0.0957387204200215
370.443599085841	0.0994151678638203
370.453319755501	0.09110538939496
370.463040836038	0.100416118452115
370.47276232618	0.0953672985036103
370.482484224657	0.0985778947302155
370.492206530198	0.0951217823215758
370.501929241533	0.0975643535684832
370.511652357389	0.0961919810637775
370.521375876498	0.102512448929486
370.531099797587	0.102166208159951
370.540824119387	0.104740980427954
370.550548840625	0.101996235418542
370.560273960033	0.10907843297723
370.569999476338	0.103847049713879
370.57972538827	0.10843001844519
370.589451694558	0.111772815692891
370.599178393932	0.110941837846005
370.60890548512	0.113604744128071
370.618632966853	0.108153025829561
370.628360837858	0.107366114989707
370.638089096866	0.111111810587413
370.647817742605	0.118722812230483
370.657546773805	0.111231421035071
370.667276189194	0.111029971860068
370.677005987504	0.117016789529679
370.686736167461	0.125188071690725
370.696466727796	0.121001706022701
370.706197667238	0.117356735012496
370.715928984516	0.139522439549509
370.725660678359	0.129833993289224
370.735392747497	0.129664020547816
370.745125190659	0.139213970500286
370.754858006573	0.150910613223879
370.76459119397	0.147807036871494
370.774324751578	0.156815592166145
370.784058678126	0.161600010072459
370.793792972344	0.181027264886779
370.803527632962	0.176305799847654
370.813262658708	0.187064444850141
370.822998048311	0.189525901957205
370.8327338005	0.193831878072887
370.842469914006	0.197187265894025
370.852206387557	0.200209003519065
370.861943219882	0.202708232346442
370.871680409711	0.206202116475395
370.881417955773	0.196922863851834
370.891155856796	0.206793873426965
370.900894111511	0.205962895580079
370.910632718646	0.201197363533922
370.920371676931	0.200391566833911
370.930110985095	0.196022637851041
370.939850641867	0.19802453902763
370.949590645976	0.186176809422785
370.959330996152	0.190841616881441
370.969071691123	0.179925589710983
370.97881272962	0.18021517290005
370.98855411037	0.168606664190521
370.998295832104	0.172830801578858
371.008037893551	0.1613796750373
371.01778029344	0.156368626809108
371.027523030499	0.163331213920138
371.037266103459	0.150117407097306
371.047009511049	0.137533128946358
371.056753251997	0.132629100592386
371.066497325033	0.129242236337654
371.076241728887	0.123406505549295
371.085986462286	0.111879835567111
371.095731523962	0.105087221197489
371.105476912642	0.0940830600129683
371.115222627056	0.0934850077746791
371.124968665933	0.0820905388135903
371.134715028003	0.0738625990720747
371.144461711995	0.0769850612846162
371.154208716638	0.0657668603516547
371.16395604066	0.0570038212390383
371.173703682793	0.0459367071873288
371.183451641763	0.049109531693621
371.193199916302	0.053006314172579
371.202948505137	0.0450175953263791
371.212697406999	0.0354802359473462
371.222446620616	0.0324333171754307
371.232196144718	0.0380738940755056
371.241945978034	0.0374254795434658
371.251696119293	0.0398176884966226
371.261446567224	0.038816737908328
371.271197320557	0.0393518372794289
371.28094837802	0.0375639758512801
371.290699738344	0.0380487129286303
371.300451400257	0.0424428230583762
371.310203362488	0.0445580393959043
371.319955623767	0.0324333171754307
371.329708182822	0.034957727149683
371.339461038384	0.0424994806388457
371.349214189181	0.033333543176224
371.358967633943	0.031816379076985
371.368721371398	0.0332579997355979
371.378475400277	0.0291660633683561
371.388229719307	0.0308217237754093
371.397984327219	0.0310924211043192
371.407739222742	0.0317849026433909
371.417494404604	0.0284798771160032
371.427249871535	0.033711260379354
371.437005622265	0.0262513456175362
371.446761655522	0.0291094057878866
371.456517970036	0.0382375715301953
371.466274564536	0.0379731694880043
371.476031437751	0.0366574545637681
371.485788588411	0.0323892501683989
371.495546015244	0.0389174624958294
371.50530371698	0.0316652921957331
371.515061692348	0.0359020201575081
371.524819940077	0.0372114397950255
371.534578458896	0.0418951331138377
371.544337247536	0.0380298270684738
371.554096304724	0.0403653784411611
371.56385562919	0.0273844972269262
371.573615219664	0.0374191842567469
371.583375074874	0.0395910581747445
371.59313519355	0.0289268424730404
371.602895574421	0.0294808277042978
371.612656216217	0.0335412876379454
371.622417117665	0.0407808673646041
371.632178277497	0.0331195034277836
371.64193969444	0.0369470377528344
371.651701367225	0.0476805016084457
371.661463294579	0.0431227140240102
371.671225475234	0.0365756158364233
371.680987907917	0.0449798236060661
371.690750591358	0.0467425038873395
371.700513524286	0.0494180007428438
371.71027670543	0.0440607117451164
371.720040133521	0.041278195015392
371.729803807286	0.0506518769397352
371.739567725455	0.0420273341349332
371.749331886758	0.0385334500059805
371.759096289923	0.0382249809567577
371.768860933679	0.0381872092364447
371.778625816757	0.0350584517371843
371.788390937885	0.0416055499247713
371.798156295792	0.0340323200020145
371.807921889208	0.03745695597706
371.817687716862	0.0355557793879722
371.827453777482	0.0331887515816908
371.837220069799	0.03454223822624
371.846986592542	0.0390559588036437
371.856753344439	0.045741553299045
371.86652032422	0.0422854408904053
371.876287530615	0.0407808673646041
371.886054962351	0.0505385617787962
371.895822618159	0.0459807741943607
371.905590496768	0.0461255657888938
371.915358596908	0.0410012023997633
371.925126917306	0.0524208525077274
371.934895456693	0.0473720325592229
371.944664213797	0.0435130218005779
371.954433187348	0.0432612103318245
371.964202376076	0.0410641552669516
371.973971778709	0.0481400575389206
371.983741393976	0.0378409684669088
371.993511220607	0.0428079496880685
372.003281257331	0.041618140498209
372.013051502878	0.0409697259661691
372.022821955975	0.0370225811934604
372.032592615354	0.0368337225918954
372.042363479742	0.0352095386184364
372.052134547869	0.0396603063286517
372.061905818465	0.0370918293473676
372.071677290258	0.0415300064841453
372.081448961978	0.0592953056046937
372.091220832354	0.0477686356225094
372.100992900115	0.0472083551045332
372.110765163991	0.046043727061549
372.12053762271	0.0466732557334324
372.130310275002	0.0558832602030859
372.140083119596	0.0549137860483856
372.149856155222	0.050922574268645
372.159629380607	0.054819356747603
372.169402794483	0.0524901006616346
372.179176395577	0.0449105754521589
372.18895018262	0.0516402369545921
372.19872415434	0.0552663221046402
372.208498309467	0.0528992942983588
372.218272646729	0.0414985300505511
372.228047164857	0.0538687684530592
372.237821862579	0.0500223482678518
372.247596738624	0.049940509540507
372.257371791722	0.0492857997217483
372.267147020602	0.05289299901164
372.276922423993	0.0578725708062374
372.286698000624	0.0535477088303987
372.296473749225	0.0493991148826873
372.306249668525	0.057091955253102
372.316025757252	0.0605480676617416
372.325802014137	0.0579355236734257
372.335578437909	0.0615364276765985
372.345355027295	0.0584076701773382
372.355131781027	0.0611461199000308
372.364908697834	0.0526034158225736
372.374685776443	0.0497453556522232
372.384463015585	0.049638335778003
372.394240413988	0.0529370660186718
372.404017970383	0.0477938167693847
372.413795683498	0.0465599405724934
372.423573552062	0.0461507469357692
372.433351574805	0.0498146038061303
372.443129750456	0.0485555464623636
372.452908077744	0.0474412807131301
372.462686555398	0.0566701710429401
372.472465182147	0.0591505140101606
372.482243956722	0.0566890569030966
372.49202287785	0.0568338484976298
372.501801944262	0.0650869693860207
372.511581154686	0.0686060346618487
372.521360507851	0.0636327581539701
372.531140002488	0.0684297666337213
372.540919637324	0.0584517371843701
372.55069941109	0.0676239699337106
372.560479322514	0.0576018734773275
372.570259370326	0.0595156406398529
372.580039553255	0.0565568558820011
372.58981987003	0.0548130614608842
372.59960031938	0.069122248172793
372.609380900035	0.0565127888749693
372.619161610724	0.0519864777241279
372.628942450175	0.0758896813955392
372.638723417119	0.0658235179321242
372.648504510285	0.0588798166812507
372.658285728401	0.0666544957790102
372.668067070197	0.0691285434595118
372.677848534402	0.0633431749649038
372.687630119746	0.0661697587016601
372.697411824957	0.061933030739885
372.707193648764	0.061328683214877
372.716975589898	0.0673469773180819
372.726757647087	0.065678726337591
372.736539819061	0.0633746513984979
372.746322104548	0.0759022719689768
372.756104502278	0.0713067126642283
372.76588701098	0.0630347059156809
372.775669629383	0.061404226655503
372.785452356217	0.0670007365485461
372.795235190211	0.0672651385907371
372.805018130094	0.0643881925602301
372.814801174594	0.0649925400852382
372.824584322443	0.0808377767565424
372.834367572367	0.0664026843102569
372.844150923098	0.0693803549282652
372.853934373364	0.0779356495791601
372.863717921894	0.0826445240448476
372.873501567418	0.088795019169148
372.883285308664	0.0731197552392524
372.893069144362	0.0750587035486531
372.902853073242	0.0888390861761799
372.912637094031	0.0800886376370012
372.922421205461	0.0796605581401205
372.932205406259	0.0774068454947781
372.941989695155	0.0695251465227984
372.951774070879	0.0894749101347821
372.961558532159	0.070028769460305
372.971343077725	0.0689837518649787
372.981127706305	0.0750335224017778
372.99091241663	0.0784896348104174
373.000697207428	0.0725028171408067
373.010482077428	0.0726853804556528
373.020267025361	0.0775768182361865
373.030052049954	0.081114769372171
373.039837149938	0.0849926659909725
373.049622324041	0.0925470100535729
373.059407570993	0.0776460663900937
373.069192889523	0.0767962026830512
373.078978278359	0.0819835189393701
373.088763736233	0.0827011816253171
373.098549261871	0.088719475728522
373.108334854005	0.0780615553135367
373.118120511362	0.0885243218402382
373.127906232673	0.0855718323691052
373.137692016666	0.0899407613519758
373.14747786207	0.0904443842894824
373.157263767616	0.0899218754918193
373.167049732032	0.0858991872784846
373.176835754046	0.0977469168833294
373.18662183239	0.0930632235645172
373.196407965791	0.0927358686551379
373.206194152979	0.0974699242677008
373.215980392683	0.0958520355809605
373.225766683633	0.107989348374872
373.235553024558	0.101265982159157
373.245339414186	0.0986849146044356
373.255125851247	0.101007875403685
373.26491233447	0.0970985023512896
373.274698862585	0.0959023978747112
373.284485434321	0.101675175795882
373.294272048407	0.0988800684927195
373.304058703571	0.0946496358176633
373.313845398544	0.0968026238755044
373.323632132055	0.0923770373121644
373.333418902833	0.0927988215223262
373.343205709606	0.0995536641716347
373.352992551105	0.0997865897802315
373.362779426058	0.0999313813747647
373.372566333195	0.104306605644354
373.382353271245	0.113705468715573
373.392140238937	0.103343426776372
373.401927235	0.106994693073296
373.411714258164	0.109254701005357
373.421501307158	0.114272044520268
373.43128838071	0.112465297231962
373.441075477551	0.114353883247613
373.45086259641	0.111199944601477
373.460649736014	0.113799898016355
373.470436895095	0.115323357402313
373.480224072381	0.109991249551461
373.490011266601	0.115726255752318
373.499798476485	0.11566330288513
373.509585700762	0.112528250099151
373.51937293816	0.117589660621093
373.52916018741	0.126894094391529
373.53894744724	0.120013346007844
373.54873471638	0.119213844594552
373.558521993558	0.116702025193737
373.568309277505	0.122651071143035
373.578096566949	0.125099937676661
373.587883860619	0.127284402168097
373.597671157245	0.115058955360122
373.607458455556	0.120655465253165
373.617245754282	0.127863568546229
373.62703305215	0.117287486858589
373.636820347892	0.117684089921875
373.646607640235	0.119944097853937
373.656394927909	0.114102071778859
373.666182209643	0.114920459052308
373.675969484167	0.11981819211956
373.685756750209	0.115405196129658
373.6955440065	0.13903140718544
373.705331251767	0.125968687243861
373.715118484741	0.129972489597039
373.724905704151	0.136972848428382
373.734692908725	0.138124885897928
373.744480097194	0.134643592342413
373.754267268285	0.128115380014983
373.764054420729	0.136230004595559
373.773841553255	0.142852646223772
373.783628664591	0.134020358957249
373.793415753468	0.133006817795516
373.803202818614	0.146189148184754
373.812989858759	0.134171445838501
373.822776872631	0.136859533267443
373.83256385896	0.148682081725412
373.842350816476	0.139151017633098
373.852137743907	0.144520897204263
373.861924639982	0.14059893357843
373.871711503432	0.135871173252586
373.881498332984	0.137810121561986
373.891285127369	0.142449747873767
373.901071885315	0.137275022190886
373.910858605552	0.142046849523762
373.920645286809	0.145137835302709
373.930431927815	0.14297225667143
373.9402185273	0.140750020459682
373.950005083992	0.142021668376886
373.959791596621	0.144489420770669
373.969578063917	0.159635880616183
373.979364484607	0.149701918173863
373.989150857422	0.152717360512184
373.99893718109	0.154316363338768
374.008723454342	0.157696932306782
374.018509675906	0.159088190671644
374.028295844511	0.160095436546657
374.038081958886	0.166566991293618
374.047868017762	0.159107076531801
374.057654019866	0.161870707401369
374.067439963929	0.167039137797531
374.077225848679	0.170054580135852
374.087011672846	0.168946609673338
374.096797435159	0.167769391056916
374.106583134347	0.16542754439751
374.116368769139	0.176456886728906
374.126154338264	0.175871425064055
374.135939840453	0.162191767024029
374.145725274434	0.16698877550378
374.155510638935	0.176475772589063
374.165295932688	0.181984148468042
374.17508115442	0.164105534186555
374.18486630286	0.172704895844481
374.194651376739	0.168550006610051
374.204436374785	0.17616730353984
374.214221295728	0.17346662553746
374.224006138297	0.176450591442187
374.23379090122	0.190709415860345
374.243575583228	0.183463540846968
374.253360183049	0.176343571567967
374.263144699412	0.17988781799067
374.272929131048	0.198761087573734
374.282713476684	0.206246183482427
374.292497735051	0.188128348305624
374.302281904878	0.192805746337717
374.312065984893	0.194178118842423
374.321849973826	0.198333008076853
374.331633870406	0.208990928491838
374.341417673363	0.198540752538574
374.351201381425	0.200271956386254
374.360984993322	0.202576031325347
374.370768507783	0.196217791739325
374.380551923537	0.192232875246303
374.390335239314	0.203614753633954
374.400118453843	0.205283004614445
374.409901565852	0.198150444762007
374.419684574072	0.203073358976135
374.429467477231	0.200687445309697
374.439250274058	0.199799809882341
374.449032963283	0.199730561728434
374.458815543636	0.195103525990091
374.468598013844	0.21589056273568
374.478380372638	0.21389495684581
374.488162618747	0.209475665569188
374.497944750899	0.198276350496383
374.507726767825	0.215896858022399
374.517508668253	0.210306643416074
374.527290450913	0.212516289054385
374.537072114533	0.224011482602975
374.546853657843	0.229891280398366
374.556635079573	0.218352019842744
374.566416378451	0.222771311119365
374.576197553206	0.226271490535036
374.585978602569	0.231144042455414
374.595759525267	0.238465460909417
374.605540320031	0.232031677882769
374.615320985589	0.236476150306266
374.625101520671	0.235235978822655
374.634881924006	0.245050330817317
374.644662194324	0.232843769869499
374.654442330352	0.247241090595471
374.664222330822	0.242998067346977
374.674002194461	0.231616188959326
374.683781919999	0.237388966880496
374.693561506165	0.230577466650719
374.703340951689	0.243873112200895
374.7131202553	0.238352145748478
374.722899415726	0.239774880546934
374.732678431698	0.231156633028851
374.742457301944	0.241210205918828
374.752236025194	0.241336111653205
374.762014600176	0.241468312674301
374.771793025621	0.258157117765929
374.781571300256	0.262286825853483
374.791349422813	0.250143217772853
374.801127392019	0.256004129708088
374.810905206603	0.252881667495546
374.820682865296	0.264647558373046
374.830460366827	0.27207599670127
374.840237709923	0.262349778720672
374.850014893316	0.270269249412964
374.859791915734	0.26829882466997
374.869568775906	0.275563585543504
374.879345472561	0.275185868340374
374.889122004429	0.271081341399694
374.898898370239	0.281978482709995
374.90867456872	0.27790543220291
374.918450598601	0.280467613897475
374.928226458612	0.276873005181021
374.938002147481	0.279460368022462
374.947777663939	0.280001762680281
374.957553006713	0.275299183501312
374.967328174534	0.275242525920843
374.977103166131	0.280580929058414
374.986877980233	0.280883102820918
374.996652615568	0.27990103809278
375.006427070867	0.278069109657599
375.016201344859	0.293549219699211
375.025975436272	0.293404428104678
375.035749343836	0.290873722843707
375.045523066281	0.284011860320178
375.055296602334	0.296445051589875
375.065069950726	0.326492455098867
375.074843110187	0.298912803983657
375.084616079444	0.301903065175103
375.094388857227	0.307310716466581
375.104161442266	0.317987522741723
375.11393383329	0.313171628401816
375.123706029027	0.313763385353386
375.133478028208	0.310370225811935
375.143249829561	0.322318680004281
375.153021431816	0.320625247876914
375.162792833701	0.328299202387173
375.172564033946	0.33851645273184
375.182335031281	0.325164149601194
375.192105824434	0.332693312516919
375.201876412135	0.336256444799778
375.211646793113	0.35022568602887
375.221416966096	0.352416445807024
375.231186929816	0.363011413354821
375.240956682999	0.37127712481665
375.250726224377	0.379076985061285
375.260495552677	0.404446990538184
375.27026466663	0.404339970663964
375.280033564964	0.422004545197011
375.289802246409	0.440386782416005
375.299570709693	0.467469105880427
375.309338953547	0.47992118301028
375.319106976699	0.499071445208972
375.328874777878	0.522729132698349
375.338642355814	0.537201996864947
375.348409709236	0.559134775793363
375.358176836874	0.582679148121801
375.367943737456	0.586557044740603
375.377710409711	0.597479367197779
375.387476852369	0.596830952665739
375.39724306416	0.598631404667326
375.407009043811	0.599720489269684
375.416774790053	0.596849838525896
375.426540301615	0.573972766589654
375.436305577226	0.55958803643712
375.446070615614	0.56266013635591
375.455835415511	0.54971073157527
375.465599975644	0.537478989480576
375.475364294742	0.516490503559985
375.485128371536	0.515930223042008
375.494892204754	0.496427424787062
375.504655793125	0.477144961567275
375.514419135379	0.458252806124055
375.524182230245	0.455117753338076
375.533945076452	0.445322287203571
375.54370767273	0.431881850058861
375.553470017807	0.423156582666558
375.563232110413	0.399549257470932
375.572993949276	0.38714124734811
375.582755533127	0.371780747754156
375.592516860695	0.34747464573274
375.602277930708	0.337314052968542
375.612038741896	0.309841421727553
375.621799292988	0.2875624020296
375.631559582714	0.268953534488728
375.641319609802	0.245503591461073
375.651079372981	0.222802787552959
375.660838870982	0.196734005250269
375.670598102533	0.181606431264912
375.680357066363	0.168480758456144
375.690115761202	0.144546078351138
375.699874185779	0.123991967214147
375.709632338823	0.113692878142135
375.719390219063	0.10530126094593
375.729147825229	0.0951280776082947
375.738905156049	0.0801389999307518
375.748662210253	0.0778475155650964
375.758418986571	0.064772205050079
375.768175483731	0.0626255122789567
375.777931700462	0.060006673003922
375.787687635495	0.0613727502219088
375.797443287557	0.0646651851758588
375.807198655379	0.0580992011281154
375.816953737689	0.056714238049972
375.826708533217	0.0554614759929241
375.836463040691	0.0664341607438511
375.846217258842	0.0627010557195827
375.855971186399	0.0636138722938136
375.865724822089	0.0639915894969436
375.875478164644	0.0619015543062909
375.885231212792	0.053308487935083
375.894983965261	0.0531888774874251
375.904736420783	0.0552663221046402
375.914488578085	0.0560343470843379
375.924240435897	0.054215009222595
375.933991992948	0.0493109808686236
375.943743247967	0.0431038281638537
375.953494199684	0.0410704505536704
375.963244846828	0.0463962631178037
375.972995188127	0.041353738456018
375.982745222312	0.033937890701232
375.992494948112	0.0344415136387387
376.002244364255	0.0505133806319209
376.01199346947	0.0416370263583655
376.021742262488	0.0397799167763096
376.031490742037	0.0407493909310099
376.041238906847	0.0531133340467991
376.050986755647	0.0544857065515049
376.060734287165	0.0484737077350188
376.070481500132	0.0704190772368727
376.080228393276	0.0649484730782063
376.089974965327	0.0600696258711103
376.099721215013	0.0622603856492644
376.109467141065	0.0762296268783561
376.11921274221	0.0710045389017242
376.12895801718	0.0574633771695132
376.138702964702	0.0506141052194222
376.148447583506	0.0567834862038792
376.158191872321	0.0509855271358334
376.167935829876	0.0497831273725362
376.177679454902	0.0436578133951111
376.187422746125	0.0487884720709605
376.197165702277	0.045288292655289
376.206908322087	0.0408375249450736
376.216650604282	0.0386908321739514
376.226392547594	0.0539631977538417
376.23613415075	0.0463773772576472
376.24587541248	0.0477119780420399
376.255616331514	0.0461759280826445
376.26535690658	0.0511743857373984
376.275097136408	0.0501041869951967
376.284837019727	0.0584706230445265
376.294576555267	0.0586091193523409
376.304315741756	0.0629025048945854
376.314054577923	0.076349237326014
376.323793062498	0.0613223879281582
376.333531194211	0.0658361085055619
376.34326897179	0.0732141845400349
376.353006393964	0.0669377836813577
376.362743459463	0.0646651851758588
376.372480167016	0.0706645934189073
376.382216515352	0.0661823492750977
376.391952503201	0.0633620608250603
376.401688129291	0.0521123834585046
376.411423392352	0.0466606651599947
376.421158291113	0.0447280121373128
376.430892824304	0.0570038212390383
376.440626990653	0.0427198156740049
376.450360788889	0.0447783744310634
376.460094217743	0.0503622937506689
376.469827275943	0.0630221153422433
376.479559962218	0.0443691807943393
376.489292275298	0.0591379234367229
376.499024213912	0.0585713476320279
376.508755776788	0.0635068524195934
376.518486962657	0.0660060812469704
376.528217770248	0.0802145433713778
376.537948198289	0.0699217495860849
376.54767824551	0.0843190703120573
376.55740791064	0.0738374179251994
376.567137192409	0.0760785399971042
376.576866089545	0.0742906785689554
376.586594600778	0.0668433543805752
376.596322724837	0.0706897745657826
376.606050460451	0.0655528206032144
376.61577780635	0.0614860653828478
376.625504761262	0.0682094315985621
376.635231323918	0.0533966219491467
376.644957493045	0.0566890569030966
376.654683267374	0.0581432681351472
376.664408645633	0.0617378768516012
376.674133626552	0.0588231591007812
376.68385820886	0.058187335142179
376.693582391286	0.0617882391453519
376.70330617256	0.0621722516352007
376.71302955141	0.072414683126743
376.722752526567	0.0665159994711959
376.732475096758	0.0792450692166775
376.742197260713	0.0892860515332171
376.751919017163	0.0767773168228947
376.761640364834	0.0847975121026887
376.771361302458	0.0880081083292938
376.781081828763	0.0866860981183388
376.790801942479	0.0800382753432505
376.800521642334	0.0825815711776593
376.810240927058	0.0908598732129255
376.81995979538	0.0813854667010809
376.829678246029	0.0724776359939313
376.839396277735	0.0664341607438511
376.849113889226	0.0710926729157879
376.858831079232	0.056865324931224
376.868547846483	0.0631354305031822
376.878264189707	0.062310747943015
376.887980107633	0.0618071250055084
376.897695598992	0.0679576201298088
376.907410662511	0.0615049512430044
376.917125296921	0.0680520494305913
376.92683950095	0.0800067989096563
376.936553273327	0.0804096972596617
376.946266612783	0.0848101026761264
376.955979518046	0.0886376370011772
376.965691987845	0.101114895277905
376.97540402091	0.102323590327921
376.985115615969	0.0956694722661143
376.994826771753	0.0929436131168594
377.00453748699	0.102556515936518
377.014247760409	0.0966389464208147
377.02395759074	0.0832677574300121
377.033666976711	0.087321922076941
377.043375917053	0.0853955643409779
377.053084410494	0.0794024513846483
377.062792455764	0.076387009046327
377.072500051592	0.068140183444655
377.082207196706	0.0691033623126365
377.091913889837	0.0728931249173743
377.101620129713	0.068593444088411
377.111325915063	0.0784015007963537
377.121031244618	0.080397106686224
377.130736117106	0.0773501879143085
377.140440531256	0.0825752758909404
377.150144485797	0.0874415325245988
377.159847979459	0.0943915290621911
377.169551010971	0.107869737927214
377.179253579063	0.101291163306033
377.188955682462	0.0983071974013056
377.1986573199	0.0998747237942952
377.208358490104	0.104999087183426
377.218059191804	0.105433461967025
377.227759423729	0.0986912098911545
377.237459184609	0.096626355847377
377.247158473173	0.091520878318403
377.256857288149	0.0907906250590183
377.266555628268	0.0901988681074479
377.276253492258	0.081076997651858
377.285950878849	0.0889335154769624
377.295647786769	0.0864846489433361
377.305344214749	0.0861132270269249
377.315040161516	0.0850619141448797
377.324735625802	0.0907213769051111
377.334430606333	0.0933842831871777
377.344125101841	0.101712947516195
377.353819111054	0.102405429055266
377.363512632701	0.115411491416377
377.373205665512	0.114838620324963
377.382898208216	0.111017381286631
377.392590259541	0.120107775308626
377.402281818218	0.108631467620193
377.411972882975	0.110658549943657
377.421663452542	0.10821597869675
377.431353525647	0.126705235789964
377.441043101021	0.111955379007737
377.450732177392	0.106906559059232
377.46042075349	0.10454582653967
377.470108828043	0.105773407449842
377.479796399782	0.106692519310792
377.489483467434	0.0957890827137722
377.49917002973	0.0963115915114354
377.508856085399	0.0942656233278144
377.518541633169	0.0974321525473878
377.52822667177	0.101064532984155
377.537911199932	0.105597139421715
377.547595216383	0.119264206888303
377.557278719853	0.119811896832841
377.566961709071	0.115323357402313
377.576644182766	0.129336665638436
377.586326139668	0.129978784883757
377.596007578505	0.133353058565052
377.605688498007	0.12316728465398
377.615368896903	0.118282142160165
377.625048773922	0.123362438542263
377.634728127793	0.121133907043796
377.644406957247	0.116097677668729
377.654085261011	0.106245553953755
377.663763037815	0.114844915611682
377.673440286389	0.10519424107171
377.683117005461	0.105124992917802
377.692793193761	0.108423723158471
377.702468850018	0.112899672015562
377.712143972961	0.120535854805507
377.72181856132	0.124797763914157
377.731492613824	0.119660809951589
377.741166129201	0.13233951740332
377.750839106181	0.142550472461268
377.760511543494	0.136437749057281
377.770183439868	0.137193183463541
377.779854794033	0.146289872772255
377.789525604718	0.149588603012924
377.799195870652	0.140126787074517
377.808865590565	0.139579097129979
377.818534763185	0.138496307814339
377.828203387242	0.141341777411252
377.837871461466	0.130979735472052
377.847538984584	0.12850568779155
377.857205955327	0.128360896197017
377.866872372424	0.124753696907126
377.876538234603	0.133447487865835
377.886203540595	0.127271811594659
377.895868289129	0.129040787162651
377.905532478933	0.138376697366682
377.915196108736	0.132320631543164
377.924859177269	0.146541684241009
377.93452168326	0.146075833023815
377.944183625438	0.149418630271516
377.953845002534	0.147360071514457
377.963505813275	0.150495124300436
377.973166056391	0.153516861925476
377.982825730612	0.157231081089588
377.992484834666	0.150192950537932
378.002143367283	0.139151017633098
378.011801327192	0.143356269161279
378.021458713122	0.142959666097992
378.031115523803	0.144451649050356
378.040771757964	0.141398434991722
378.050427414333	0.147039011891797
378.06008249164	0.154398202066113
378.069736988615	0.148562471277754
378.079390903987	0.150520305447312
378.089044236484	0.153869397981731
378.098696984836	0.176223961120309
378.108349147772	0.154410792639551
378.118000724022	0.163117174171698
378.127651712314	0.165169437642037
378.137302111379	0.170356753898356
378.146951919944	0.166749554608465
378.15660113674	0.167970840231918
378.166249760495	0.164174782340462
378.175897789939	0.179528986647697
378.185545223801	0.15981214864431
378.19519206081	0.155241770486437
378.204838299696	0.162216948170904
378.214483939187	0.164363640942027
378.224128978013	0.168858475659274
378.233773414903	0.15878601690914
378.243417248586	0.171817260417126
378.253060477792	0.160340952728692
378.26270310125	0.170457478485858
378.272345117688	0.166762145181902
378.281986525837	0.193907421513513
378.291627324425	0.18129166692897
378.301267512182	0.178886867402376
378.310907087836	0.176872375652349
378.320546050118	0.192069197791613
378.330184397755	0.182714401727427
378.339822129479	0.183589446581345
378.349459244017	0.180284421053957
378.359095740099	0.185478032596995
378.368731616454	0.185874635660281
378.378366871811	0.181700860565694
378.3880015049	0.175506298434362
378.39763551445	0.179604530088323
378.407268899189	0.189123003607199
378.416901657848	0.175928082644524
378.426533789156	0.186491573758727
378.436165291841	0.19338491271585
378.445796164633	0.191534098420513
378.455426406261	0.195632330074473
378.465056015454	0.202632688905816
378.474684990942	0.2004545197011
378.484313331454	0.209507142002783
378.493941035718	0.211609767766873
378.503568102465	0.20838658096683
378.513194530423	0.204836039257408
378.522820318322	0.206642786545713
378.532445464891	0.200718921743291
378.542069968859	0.195959684983853
378.551693828955	0.199774628735466
378.561317043909	0.208562848994957
378.570939612449	0.204666066515999
378.580561533306	0.203381828025357
378.590182805207	0.205648131244137
378.599803426883	0.207272315217597
378.609423397063	0.212459631473915
378.619042714475	0.2089783379184
378.62866137785	0.225912659192063
378.638279385915	0.221638159509975
378.647896737402	0.222714653538895
378.657513431038	0.217250344666948
378.667129465552	0.224275884645166
378.676744839675	0.220505007900585
378.686359552136	0.225069090771739
378.695973601663	0.222104010727169
378.705586986985	0.217753967604455
378.715199706833	0.213712393530963
378.724811759935	0.214581143098162
378.734423145021	0.233366278667162
378.744033860819	0.226699570031917
378.753643906059	0.244143809529805
378.76325327947	0.237728912363314
378.772861979782	0.246510837336086
378.782470005723	0.240895441582887
378.792077356023	0.242047479052433
378.80168402941	0.237898885104722
378.811290024615	0.244320077557932
378.820895340367	0.246680810077495
378.830499975394	0.250382438668169
378.840103928426	0.243677958312611
378.849707198192	0.246359750454834
378.859309783422	0.242393719821969
378.868911682844	0.244918129796222
378.878512895187	0.246800420525153
378.888113419182	0.246756353518121
378.897713253557	0.261984652090979
378.907312397041	0.257540179667483
378.916910848364	0.25393927566431
378.926508606255	0.254115543692437
378.936105669443	0.262903763951929
378.945702036657	0.264137640148821
378.955297706627	0.265635918387903
378.964892678081	0.261002587362841
378.974486949749	0.272806249960654
378.984080520361	0.277301084677902
378.993673388644	0.271106522546569
379.00326555333	0.266939042738702
379.012857013146	0.275601357263817
379.022447766822	0.2762308859357
379.032037813088	0.27099320738563
379.041627150672	0.272793659387217
379.051215778304	0.275651719557567
379.060803694712	0.281871462835775
379.070390898627	0.283331969354544
379.079977388777	0.282721326542817
379.089563163892	0.283168291899855
379.0991482227	0.29085483698355
379.108732563932	0.283256425913918
379.118316186316	0.286240391818645
379.127899088581	0.290886313417144
379.137481269457	0.294650894875007
379.147062727672	0.294033956776561
379.156643461957	0.301179107202438
379.166223471041	0.295689617183615
379.175802753651	0.295374852847673
379.185381308519	0.305938343961876
379.194959134372	0.301103563761812
379.204536229941	0.321582131458177
379.214112593954	0.307889882844714
379.223688225141	0.316187070740137
379.23326312223	0.308078741446279
379.242837283952	0.30812910374003
379.252410709035	0.322564196186315
379.261983396208	0.312592462023683
379.271555344202	0.314613249060428
379.281126551744	0.322243136563655
379.290697017564	0.319769088883153
379.300266740392	0.327575244414507
379.309835718956	0.326624656119963
379.319403951986	0.330301103563762
379.328971438212	0.332454091621603
379.338538176361	0.33457560324585
379.348104165164	0.333033257999736
379.35766940335	0.34607079679444
379.367233889648	0.341072339139686
379.376797622787	0.340071388551392
379.386360601496	0.339511108033415
379.395922824505	0.341298969461564
379.405484290542	0.35324742365391
379.415044998338	0.338000239220895
379.424604946621	0.355696290187537
379.43416413412	0.354374279976582
379.443722559565	0.360405164653224
379.453280221685	0.363408016418108
379.462837119209	0.367468476351755
379.472393250866	0.360512184527444
379.481948615386	0.383559229205094
379.491503211498	0.369231156633029
379.50105703793	0.364125679104055
379.510610093413	0.369036002744745
379.520162376676	0.375085773281544
379.529713886447	0.381513261021473
379.539264621456	0.375230564876077
379.548814580432	0.383855107680879
379.558363762104	0.397257773105276
379.567912165202	0.38260864091055
379.577459788454	0.379756876026919
379.587006630591	0.392152295576302
379.596552690341	0.396206460223231
379.606097966433	0.392045275702082
379.615642457597	0.386366927081694
379.625186162561	0.395425844670095
379.634729080056	0.400676113793603
379.64427120881	0.397490698713873
379.653812547552	0.408230457856203
379.663353095013	0.395312529509156
379.67289284992	0.39902045338655
379.682431811003	0.406159308525707
379.691969976992	0.398277609553727
379.701507346615	0.414450201134411
379.711043918602	0.416647256199284
379.720579691682	0.41672279963991
379.730114664585	0.417786703095392
379.739648836039	0.417276784871167
379.749182204773	0.428180221468187
379.758714769518	0.437698694987063
379.768246529002	0.416817228940692
379.777777481954	0.435293895460469
379.787307627103	0.432813552493248
379.79683696318	0.433147202689346
379.806365488912	0.431428589415105
379.81589320303	0.43879407487614
379.825420104262	0.440166447380846
379.834946191337	0.435293895460469
379.844471462986	0.435300190747188
379.853995917937	0.447286416659847
379.863519554919	0.448344024828611
379.873042372662	0.448501406996582
379.882564369894	0.456005388765431
379.892085545345	0.455048505184169
379.901605897745	0.459423729453758
379.911125425822	0.463056109890525
379.920644128306	0.452517799923198
379.930162003925	0.461394154196753
379.93967905141	0.463056109890525
379.949195269489	0.463641571555377
379.958710656891	0.468646324496849
379.968225212346	0.460613538643617
379.977738934583	0.485152566273631
379.987251822332	0.477661175078219
379.99676387432	0.47673576793055
380.006275089279	0.496295223765966
380.015785465936	0.491794093762
380.025295003021	0.487179648597095
380.034803699263	0.486808226680684
380.044311553392	0.4988133384535
380.053818564137	0.500122758091017
380.063324730227	0.499864651335545
380.072830050391	0.500047214650391
380.082334523358	0.500790058483214
380.091838147857	0.506418044809851
380.101340922619	0.505593362249684
380.110842846371	0.50890468306379
380.120343917844	0.523547519971797
380.129844135766	0.527217672128877
380.139343498867	0.539487185943884
380.148842005876	0.546437182481476
380.158339655522	0.561067428816045
380.167836446535	0.57010746054429
380.177332377643	0.573765022127933
380.186827447575	0.591662522269577
380.196321655062	0.599109846457957
380.205814998832	0.616170073465996
380.215307477614	0.635263678084218
380.224799090138	0.642566210678065
380.234289835133	0.667999169022153
380.243779711328	0.692783712834201
380.253268717452	0.71227392051571
380.262756852235	0.74962385661855
380.272244114406	0.779532763819728
380.281730502693	0.815661414299114
380.291216015827	0.84213309495181
380.300700652536	0.879054951557769
380.31018441155	0.908479121681597
380.319667291597	0.939489704058571
380.329149291408	0.959773117866653
380.338630409711	0.972596616912917
380.348110645236	0.991476181782699
380.357589996711	1
380.367068462866	0.98601816819747
380.37654604243	0.985514545259964
380.386022734133	0.97485032955826
380.395498536703	0.96346215588389
380.40497344887	0.936272812545247
380.414447469363	0.920641615622383
380.423920596912	0.896713230804097
380.433392830245	0.865457132245088
380.442864168092	0.841245459524454
380.452334609181	0.821138313744499
380.461804152243	0.798418623976229
380.471272796006	0.778368135776744
380.480740539199	0.750945866829505
380.490207380553	0.737215846495728
380.499673318795	0.715289362854031
380.509138352656	0.696881944488162
380.518602480864	0.664719324641641
380.528065702149	0.63406757360764
380.537528015239	0.641835957418681
380.546989418865	0.591895447878174
380.556449911755	0.559436949555867
380.565909492639	0.532235015643788
380.575368160245	0.50793520890909
380.584825913304	0.466128209809316
380.594282750543	0.413864739469559
380.603738670694	0.385013440437145
380.613193672483	0.359423099925086
380.622647754642	0.328872073478586
380.632100915898	0.277515124426342
380.641553154982	0.253586739608055
380.651004470623	0.231660255966358
380.660454861549	0.200838532190949
380.66990432649	0.170356753898356
380.679352864176	0.155430629088002
380.688800473334	0.135606771210395
380.698247152696	0.121404604372706
380.707692900989	0.108782554501445
380.717137716943	0.0935479606418674
380.726581599288	0.0865161253769303
380.736024546752	0.0788232850065156
380.745466558064	0.0653450761414929
380.754907631955	0.0606613828226806
380.764347767153	0.0589175884015637
380.773786962387	0.0445202676755913
380.783225216387	0.0454141983896656
380.792662527882	0.0402772444270974
380.8020988956	0.0405290558958508
380.811534318272	0.0325025653293379
380.820968794626	0.0317660167832344
380.830402323392	0.0311427833980699
380.839834903299	0.020277118521363
380.849266533077	0.0285994875636611
380.858697211453	0.0562924538398101
380.868126937158	0.0231729504120265
380.877555708921	0.0234688288878117
380.88698352547	0.0157571026572405
380.896410385536	0.0188921554432197
380.905836287848	0.0227700520620212
380.915261231134	0.026295412624568
380.924685214124	0.023418466594061
380.934108235547	0.0203715478221456
380.943530294132	0.0292667879558574
380.952951388609	0.0171861327424158
380.962371517707	0.0234688288878117
380.971790680154	0.0234499430276552
380.981208874681	0.0226693274745198
380.990626100017	0.0196161134158855
381.000042354889	0.0189047460166573
381.009457638029	0.0258295614073743
381.018871948165	0.0197420191502622
381.028285284026	0.0264402042191012
381.037697644342	0.0204407959760527
381.047109027841	0.0230848163979628
381.056519433253	0.0207933320323074
381.065928859308	0.0164055171892804
381.075337304734	0.0162796114549037
381.08474476826	0.0145672934673809
381.094151248616	0.0210073717807477
381.103556744532	0.0250993081479896
381.112961254735	0.0249671071268941
381.122364777956	0.019710542716668
381.131767312924	0.0181556068971161
381.141168858368	0.0170476364346014
381.150569413016	0.0160089141259939
381.1599689756	0.0271893433386423
381.169367544846	0.0143280725720653
381.178765119486	0.0175008970783574
381.188161698247	0.0206170640041801
381.19755727986	0.0163992219025616
381.206951863053	0.0141266233970626
381.216345446556	0.0249922882737694
381.225738029098	0.0146302463345693
381.235129609408	0.0160277999861504
381.244520186215	0.0180485870228959
381.253909758249	0.0210262576409043
381.263298324239	0.0178408425611744
381.272685882913	0.0192446914994743
381.282072433002	0.016040390559588
381.291457973234	0.0216809674596629
381.300842502339	0.0229840918104615
381.310226019046	0.014831695509572
381.319608522084	0.019974944758859
381.328990010182	0.0172113138892911
381.33837048207	0.0163551548955297
381.347749936476	0.0182815126314928
381.35712837213	0.0166636239447525
381.366505787762	0.0206863121580872
381.3758821821	0.0151464598455137
381.385257553873	0.011123771632179
381.394631901812	0.0166510333713149
381.404005224644	0.01948391239479
381.4133775211	0.021945369501854
381.422748789908	0.0163866313291239
381.432119029798	0.0140007176626859
381.441488239499	0.02239863014561
381.45085641774	0.0232547891393713
381.46022356325	0.0243186925948542
381.469589674759	0.0152534797197338
381.478954750996	0.0252944620362734
381.48831879069	0.0128927472001712
381.49768179257	0.013087901088455
381.507043755365	0.0190873093315035
381.516404677806	0.0211584586619998
381.52576455862	0.0194209595276017
381.535123396537	0.0156311969228638
381.544481190287	0.021718739179976
381.553837938598	0.0175638499455458
381.5631936402	0.0184325995127448
381.572548293822	0.0157571026572405
381.581901898193	0.0179352718619569
381.591254452043	0.0222349526909203
381.6006059541	0.0161977727275589
381.609956403094	0.0182500361978986
381.619305797754	0.0125465064306354
381.62865413681	0.0176708698197659
381.63800141899	0.019710542716668
381.647347643024	0.022700803908114
381.656692807641	0.0183066937783681
381.66603691157	0.0196538851361985
381.67537995354	0.0152975467267657
381.684721932281	0.0151905268525455
381.694062846522	0.0254959112112761
381.703402694992	0.0187536591354053
381.712741476421	0.0221027516698248
381.722079189537	0.0152786608666092
381.731415833069	0.0186088675408721
381.740751405748	0.0243501690284484
381.750085906301	0.0238276602307852
381.759419333459	0.0184074183658694
381.768751685951	0.0144728641665984
381.778082962506	0.0257225415331541
381.787413161852	0.0204722724096469
381.79674228272	0.0165251276369382
381.806070323838	0.0190558328979093
381.815397283936	0.028259542080844
381.824723161743	0.0251118987214272
381.834047955988	0.0142903008517523
381.843371665401	0.0148568766564473
381.85269428871	0.0224112207190476
381.862015824645	0.0214543371377849
381.871336271934	0.0174820112182009
381.880655629308	0.0224552877260795
381.889973895496	0.0194713218213523
381.899291069226	0.0274915171011464
381.908607149228	0.0193454160869757
381.917922134231	0.0225308311667055
381.927236022965	0.0254518442042443
381.936548814158	0.0218572354877903
381.94586050654	0.0189614035971268
381.95517109884	0.0160089141259939
381.964480589787	0.0265849958136343
381.97378897811	0.0134152559978344
381.983096262539	0.0200253070526097
381.992402441803	0.0194965029682277
382.001707514631	0.0245705040636076
382.011011479753	0.016040390559588
382.020314335897	0.0260561917292523
382.029616081793	0.0206737215846495
382.038916716169	0.0222538385510768
382.048216237756	0.0178219567010179
382.057514645282	0.0204030242557397
382.066811937477	0.0169091401267871
382.07610811307	0.0253259384698676
382.085403170789	0.0193517113736945
382.094697109365	0.0229840918104615
382.103989927527	0.0193580066604133
382.113281624003	0.026106554023003
382.122572197523	0.023758412076878
382.131861646817	0.0161222292869329
382.141149970613	0.0178660237080498
382.15043716764	0.0210514387877796
382.159723236628	0.0210766199346549
382.169008176306	0.0176079169525776
382.178291985403	0.0154675194681742
382.187574662649	0.0173183337635113
382.196856206773	0.023720640356565
382.206136616503	0.0183948277924318
382.21541589057	0.018615162827591
382.224694027702	0.0187725449955618
382.233971026628	0.0269123507230137
382.243246886079	0.020314890241676
382.252521604782	0.0194020736674452
382.261795181467	0.0218698260612279
382.271067614864	0.0309350389363483
382.280338903702	0.019446140674477
382.289609046709	0.0309413342230672
382.298878042616	0.0223734489987346
382.308145890151	0.0176456886728906
382.317412588043	0.0191691480588483
382.326678135023	0.020088259919798
382.335942529818	0.0294115795503906
382.345205771158	0.0301796045300883
382.354467857773	0.0265912911003531
382.363728788392	0.0260750775894088
382.372988561743	0.0270571423175468
382.382247176556	0.0282469515074064
382.391504631561	0.0188543837229067
382.400760925486	0.0207555603119944
382.410016057061	0.0273719066534885
382.419270025015	0.0211018010815302
382.428522828077	0.0225371264534243
382.437774464976	0.0201386222135487
382.447024934443	0.0225811934604561
382.456274235204	0.0223419725651405
382.465522365991	0.0325151559027756
382.474769325533	0.0285994875636611
382.484015112557	0.0258862189878438
382.493259725795	0.023116292831557
382.502503163974	0.0247090003714219
382.511745425824	0.0190621281846282
382.520986510075	0.0269564177300455
382.530226415455	0.0288953660394463
382.539465140695	0.0275229935347405
382.548702684522	0.0272522962058307
382.557939045666	0.0289520236199157
382.567174222857	0.0230722258245252
382.576408214824	0.0255903405120586
382.585641020295	0.0261254398831595
382.594872638001	0.0310420588105685
382.60410306667	0.0285680111300669
382.613332305031	0.0219138930682598
382.622560351815	0.0222916102713898
382.631787205749	0.0354298736535955
382.641012865563	0.0280392070456849
382.650237329987	0.0214480418510661
382.65946059775	0.0232044268456207
382.66868266758	0.0332642950223168
382.677903538208	0.0262387550440985
382.687123208361	0.0256281122323716
382.696341676771	0.0224615830127983
382.705558942165	0.0209381236268406
382.714775003273	0.0257477226800295
382.723989858824	0.0283224949480324
382.733203507548	0.0273844972269262
382.742415948173	0.0309035625027542
382.751627179429	0.0316527016222954
382.760837200045	0.0271452763316105
382.770046008751	0.0239409753917242
382.779253604275	0.0377276533059698
382.788459985346	0.0284735818292844
382.797665150695	0.0252503950292416
382.80686909905	0.0301418328097753
382.81607182914	0.0282154750738122
382.825273339694	0.0294619418441413
382.834473629443	0.0277748050034939
382.843672697115	0.0274600406675522
382.852870541438	0.0339693671348261
382.862067161144	0.0245956852104829
382.87126255496	0.0306265698871255
382.880456721616	0.0262072786105043
382.889649659841	0.026408727785507
382.898841368364	0.0280643881925602
382.908031845915	0.0309287436496295
382.917221091223	0.0234499430276552
382.926409103016	0.0251118987214272
382.935595880025	0.027692966276149
382.944781420979	0.0209821906338724
382.953965724606	0.0267234921214487
382.963148789636	0.0335475829246643
382.972330614798	0.0327858532316854
382.981511198821	0.0221027516698248
382.990690540435	0.0217250344666948
382.999868638369	0.0321940962801151
383.009045491352	0.0326284710637146
383.018221098112	0.0236262110557825
383.027395457381	0.0290527482074171
383.036568567886	0.0393770184263042
383.045740428357	0.0299592694949291
383.054911037522	0.0331950468684096
383.064080394113	0.0284924676894409
383.073248496856	0.0380738940755056
383.082415344483	0.0376584051520626
383.091580935721	0.0292604926691386
383.1007452693	0.0311868504051017
383.10990834395	0.0381116657958186
383.1190701584	0.0412341280083601
383.128230711378	0.0293045596761704
383.137390001615	0.0300285176488363
383.146548027838	0.0320115329652689
383.155704788779	0.0350962234574974
383.164860283164	0.0269312365831702
383.174014509725	0.022927434229992
383.18316746719	0.0381997998098823
383.192319154289	0.0465284641388992
383.201469569749	0.0285239441230351
383.210618712302	0.0252818714628358
383.219766580676	0.023871727237817
383.2289131736	0.0352976726325
383.238058489803	0.0319171036644864
383.247202528015	0.0250993081479896
383.256345286965	0.0290149764871041
383.265486765382	0.0217565109002889
383.274626961996	0.0328551013855926
383.283765875535	0.0296696863058628
383.292903504728	0.0358201814301632
383.302039848306	0.0308657907824412
383.311174904997	0.035750933276256
383.320308673531	0.0295311899980484
383.329441152636	0.0357824097098502
383.338572341042	0.033522401777789
383.347702237478	0.0319359895246429
383.356830840673	0.0342841314707678
383.365958149357	0.0398932319372486
383.375084162258	0.0339315954145131
383.384208878107	0.0291723586550749
383.393332295632	0.0398113932099037
383.402454413562	0.0348507072754628
383.411575230627	0.0338434614004495
383.420694745555	0.0248726778261116
383.429812957077	0.0323703643082424
383.438929863921	0.0318667413707357
383.448045464816	0.0298963166277408
383.457159758493	0.0348884789957759
383.466272743679	0.0293234455363269
383.475384419104	0.0339882529949826
383.484494783498	0.0419014284005565
383.493603835589	0.0301355375230565
383.502711574107	0.0217628061870078
383.511817997781	0.0336734886590409
383.520923105341	0.0321689151332397
383.530026895515	0.0255777499386209
383.539129367032	0.0431919621779174
383.548230518623	0.0362230797801686
383.557330349015	0.0372743926622138
383.566428856939	0.0284295148222526
383.575526041124	0.0385964028731689
383.584621900298	0.0446461734099679
383.593716433191	0.0396540110419329
383.602809638533	0.0347877544082745
383.611901515052	0.0295311899980484
383.620992061477	0.030381053705091
383.630081276539	0.0330817317074706
383.639169158966	0.0308280190621282
383.648255707487	0.0328802825324679
383.657340920831	0.0329243495394998
383.666424797728	0.0258988095612814
383.675507336908	0.0282847232277194
383.684588537098	0.0370288764801793
383.693668397029	0.0369029707458026
383.70274691543	0.0340449105754521
383.711824091029	0.026333184344881
383.720899922556	0.0333209526027863
383.729974408741	0.0364371195286089
383.739047548312	0.0278377578706822
383.748119339999	0.0321563245598021
383.757189782531	0.03087208606916
383.766258874637	0.0454645606834163
383.775326615047	0.0387348991809832
383.784393002489	0.0332139327285661
383.793458035693	0.0364874818223596
383.802521713388	0.0350143847301525
383.811584034303	0.0349388412895265
383.820644997168	0.038023531781755
383.829704600712	0.0324647936090249
383.838762843663	0.042335803184156
383.847819724752	0.0426694533802542
383.856875242707	0.0326284710637146
383.865929396257	0.0348695931356193
383.874982184132	0.0416307310716466
383.884033605062	0.0411208128474211
383.893083657774	0.0309979918035367
383.902132340999	0.0346303722403037
383.911179653466	0.0370099906200228
383.920225593904	0.0520746117381916
383.929270161041	0.0404409218817871
383.938313353608	0.0302425573972766
383.947355170334	0.0346618486738978
383.956395609947	0.0415111206239888
383.965434671178	0.0294178748371094
383.974472352754	0.0328551013855926
383.983508653407	0.0387348991809832
383.992543571863	0.0381935045231635
384.001577106854	0.0388230331950468
384.010609257107	0.0402772444270974
384.019640021353	0.0330313694137199
384.028669398321	0.0382375715301953
384.037697386739	0.0348129355551499
384.046723985337	0.0446146969763738
384.055749192845	0.0368085414450201
384.064773007991	0.0466291887264005
384.073795429504	0.0461381563623315
384.082816456114	0.0352032433317175
384.091836086551	0.0407556862177288
384.100854319542	0.0422539644568112
384.109871153819	0.0410452694067951
384.118886588108	0.0351591763246857
384.127900621141	0.0408564108052301
384.136913251646	0.0463207196771777
384.145924478353	0.0319233989512052
384.154934299989	0.0326473569238711
384.163942715286	0.0435759746677662
384.172949722972	0.0412089468614848
384.181955321776	0.0345359429395212
384.190959510428	0.0418384755333682
384.199962287656	0.0351276998910915
384.20896365219	0.0479826753709498
384.217963602759	0.0321563245598021
384.226962138093	0.0366763404239246
384.23595925692	0.0523201279202261
384.24495495797	0.03745695597706
384.253949239972	0.0399813659513122
384.262942101655	0.0464655112717109
384.271933541749	0.0448790990185648
384.280923558982	0.0413852148896121
384.289912152085	0.0360405164653224
384.298899319785	0.0373625266762775
384.307885060813	0.0531007434733615
384.316869373897	0.0506518769397352
384.325852257767	0.0424994806388457
384.334833711152	0.0434437736466707
384.343813732781	0.0413285573091426
384.352792321384	0.0462766526701459
384.361769475689	0.0434689547935461
384.370745194426	0.0481085811053264
384.379719476324	0.0476049581678197
384.388692320113	0.039043368230206
384.397663724521	0.0471328116639072
384.406633688277	0.0441362551857424
384.415602210112	0.0451246152005993
384.424569288754	0.0435193170872967
384.433534922932	0.0490276929662761
384.442499111376	0.0397232591958401
384.451461852815	0.0567268286234096
384.460423145977	0.0535477088303987
384.469382989593	0.0428394261216627
384.478341382392	0.0510358894295841
384.487298323102	0.0519864777241279
384.496253810453	0.0570290023859136
384.505207843175	0.0475420053006314
384.514160419995	0.0570352976726325
384.523111539645	0.0528111602842951
384.532061200851	0.053875063739778
384.541009402346	0.0534721653897726
384.549956142856	0.0576774169179535
384.558901421112	0.0592827150312561
384.567845235842	0.0542024186491574
384.576787585776	0.0557573544687093
384.585728469644	0.0516213510944356
384.594667886174	0.0564057690007491
384.603605834095	0.0519298201436584
384.612542312137	0.0544542301179107
384.621477319029	0.0503685890373877
384.630410853501	0.0587476156601552
384.639342914281	0.0588987025414072
384.648273500098	0.0514702642131836
384.657202609682	0.0562043198257464
384.666130241763	0.0518920484233454
384.675056395069	0.0606236111023677
384.683981068329	0.0498838519600375
384.692904260273	0.0538498825929027
384.70182596963	0.0518479814163136
384.710746195129	0.060497705367991
384.7196649355	0.0535036418233668
384.728582189471	0.0538561778796215
384.737497955772	0.0685304912212227
384.746412233132	0.0523201279202261
384.755325020281	0.0515583982272472
384.764236315947	0.0561539575319958
384.773146118859	0.0704001913767162
384.782054427748	0.0565505605952823
384.790961241341	0.0566323993226271
384.79986655837	0.0622037280687949
384.808770377561	0.0624681301109859
384.817672697646	0.0607809932703385
384.826573517353	0.0506455816530164
384.83547283541	0.0570604788195078
384.844370650549	0.0541079893483749
384.853266961497	0.0618071250055084
384.862161766984	0.0661319869813471
384.871055065739	0.0621722516352007
384.879946856491	0.061139824613312
384.88883713797	0.0645896417352328
384.897725908905	0.0618637825859779
384.906613168025	0.0624366536773917
384.915498914059	0.0685116053610662
384.924383145737	0.0575641017570145
384.933265861787	0.0579166378132692
384.942147060939	0.0585965287789032
384.951026741922	0.0702491044954642
384.959904903465	0.0680709352907478
384.968781544298	0.0602081221789246
384.97765666315	0.0555118382866747
384.98653025875	0.0676995133743366
384.995402329827	0.0664341607438511
385.00427287511	0.0647218427563283
385.01314189333	0.0651247411063337
385.022009383213	0.0673595678915196
385.030875343491	0.0607809932703385
385.039739772893	0.0694684889423289
385.048602670147	0.068857846130602
385.057464033982	0.0723139585392416
385.066323863129	0.0623674055234845
385.075182156315	0.069990997739992
385.084038912271	0.0723202538259605
385.092894129726	0.0634501948391239
385.101747807409	0.0740388671002021
385.110599944048	0.063714596881315
385.119450538374	0.0682786797524693
385.128299589116	0.07162147700017
385.137147095002	0.065678726337591
385.145993054762	0.0757952520947567
385.154837467125	0.0791065729088631
385.16368033082	0.0850241424245667
385.172521644577	0.0762485127385127
385.181361407125	0.0749390931009953
385.190199617193	0.0747817109330244
385.19903627351	0.0771550340260247
385.207871374806	0.0778097438447834
385.216704919809	0.0816246875963966
385.22553690725	0.0786029499713564
385.234367335856	0.0859180731386411
385.243196204358	0.0801956575112213
385.252023511484	0.0813351044073302
385.260849255964	0.0827074769120359
385.269673436527	0.0875926194058508
385.278496051902	0.0871834257691266
385.287317100819	0.0807559380291975
385.296136582006	0.080208248084659
385.304954494193	0.0866420311113069
385.31377083611	0.0873093315035033
385.322585606484	0.0833747773042323
385.331398804047	0.0789743718877676
385.340210427525	0.0856410805230124
385.34902047565	0.0867427556988083
385.35782894715	0.0862769044816146
385.366635840755	0.0846653110815932
385.375441155193	0.0892293939527476
385.384244889194	0.103947774301381
385.393047041487	0.0883543490988297
385.401847610802	0.0913005432832438
385.410646595866	0.098256835107555
385.419443995411	0.108782554501445
385.428239808164	0.0973503138200429
385.437034032856	0.0993459197099132
385.445826668215	0.0950525341676686
385.454617712971	0.0974762195544196
385.463407165852	0.0933653973270212
385.472195025589	0.0889838777707131
385.48098129091	0.10092603667634
385.489765960544	0.0885054359800817
385.498549033221	0.0915523547519972
385.50733050767	0.0880584706230445
385.51611038262	0.0897581980371296
385.5248886568	0.0864405819363043
385.53366532894	0.0745487853244276
385.542440397769	0.0758015473814755
385.551213862015	0.0855151747886357
385.559985720409	0.0771361481658682
385.56875597168	0.0748761402338069
385.577524614556	0.0821786728276539
385.586291647767	0.0786092452580753
385.595057070042	0.0815365535823329
385.60382088011	0.068782302689976
385.612583076701	0.0750020459681836
385.621343658544	0.0739885048064514
385.630102624368	0.0683479279063765
385.638859972902	0.0721754622314273
385.647615702875	0.0734093384283187
385.656369813017	0.0718166308884538
385.665122302057	0.0648792249242992
385.673873168724	0.0664152748836946
385.682622411747	0.0636264628672513
385.691370029856	0.0647218427563283
385.70011602178	0.0603780949203331
385.708860386247	0.062008574180511
385.717603121988	0.0587665015203117
385.726344227731	0.0553292749718286
385.735083702205	0.0653702572883682
385.743821544141	0.057016411812476
385.752557752267	0.0627765991602087
385.761292325311	0.0676239699337106
385.770025262005	0.057280813854667
385.778756561076	0.0664530466040076
385.787486221254	0.0649547683649252
385.796214241268	0.0737996462048864
385.804940619847	0.0606299063890865
385.813665355721	0.0559965753640249
385.822388447619	0.0626632839992697
385.83110989427	0.0579292283867069
385.839829694403	0.065263237414148
385.848547846748	0.0671203469962039
385.857264350033	0.0535414135436798
385.865979202989	0.0596226605140731
385.874692404343	0.0608313555640891
385.883403952826	0.0468872954818727
385.892113847166	0.0468998860553104
385.900822086093	0.0448602131584083
385.909528668336	0.0456848957185755
385.918233592624	0.0424742994919703
385.926936857687	0.0357698191364126
385.935638462253	0.0513191773319316
385.944338405053	0.0434815453669837
385.953036684814	0.0401576339794396
385.961733300266	0.0433115726255752
385.97042825014	0.0502930455967617
385.979121533163	0.0536673192780565
385.987813148065	0.0489710353858066
385.996503093575	0.0484296407279869
386.005191368422	0.0430660564435407
386.013877971336	0.0514891500733401
386.022562901046	0.0528804084382023
386.031246156281	0.0478945413568861
386.039927735771	0.0571549081202903
386.048607638244	0.0584706230445265
386.057285862429	0.0462199950896763
386.065962407057	0.0521438598920988
386.074637270855	0.0618323061523837
386.083310452554	0.0441299598990236
386.091981950883	0.0387537850411397
386.100651764571	0.0352473103387494
386.109319892346	0.033749032099667
386.117986332939	0.0327858532316854
386.126651085078	0.0342589503238925
386.135314147493	0.0335412876379454
386.143975518913	0.0352473103387494
386.152635198067	0.038325705544259
386.161293183685	0.0387537850411397
386.169949474495	0.041693683938835
386.178604069227	0.0569975259523195
386.187256966609	0.0478756554967296
386.195908165372	0.0471076305170319
386.204557664245	0.0427324062474425
